% # columns="iteration, evaluation, sigma, max axis length,  min axis length, all principle axes lengths  (sorted square roots of eigenvalues of C)", seed=325258, Mon May  6 19:48:38 2019
1 10 0.43578038886903525 1.0000437509570452 1.0 1.0 1.0000062500195313 1.0000125000781253 1.0000187501757822 1.0000250003125026 1.0000312504882864 1.0000375007031337 1.0000437509570452
2 20 0.38507430216776606 1.0281980027290083 0.8894491407844082 0.8894491407844082 0.9546850082503971 0.9830343943386676 0.9955094950925647 1.0020403367290152 1.0073381213564772 1.0111131046286044 1.0281980027290083
3 30 0.36425503075528604 1.0365270926415346 0.820447387971883 0.820447387971883 0.9441529708994347 0.9567354893368563 0.991751360817651 0.9990324332391434 1.0041523811343354 1.0081920582665391 1.0365270926415346
4 40 0.3594019695806161 1.0726730873401187 0.7970306610718416 0.7970306610718416 0.9093925851072102 0.9340183761861981 0.9433672338673743 0.9821923260111474 0.9941853553095356 1.0282346749224673 1.0726730873401187
5 50 0.3602481518155411 1.1065552963332972 0.7799481544151261 0.7799481544151261 0.8697792619644729 0.9065974959949847 0.9498770081535552 0.9580947637622891 0.989548111100879 1.02863582076922 1.1065552963332972
6 60 0.3363558337416678 1.103891032150927 0.7951620968378322 0.7951620968378322 0.829644764918274 0.9017815501106798 0.913378530294852 0.9558004034975306 1.0235754468559046 1.0276129469217652 1.103891032150927
7 70 0.32296510476858437 1.1080802520632393 0.7861046566223645 0.7861046566223645 0.8090550150055036 0.9021607136736961 0.9180651700309114 0.9295325680303113 0.9465971190116705 1.0518877652157903 1.1080802520632393
8 80 0.30122808579608723 1.1188256640966305 0.7385359015744919 0.7385359015744919 0.798006308307563 0.8776696564111874 0.9109820869324364 0.9257730654078121 0.9512959919255991 1.0750908228576732 1.1188256640966305
9 90 0.2675812076599264 1.1206706796887704 0.7295321172961423 0.7295321172961423 0.8058281481912892 0.8496129858844074 0.8581627826439973 0.9168260921994593 0.9532991456015824 1.057956625928938 1.1206706796887704
10 100 0.23234955331869778 1.1266233383460287 0.7317087746099326 0.7317087746099326 0.8002329267476794 0.8064298065730506 0.8537412246121623 0.8870521568376694 0.9478715462620461 1.0722325219007656 1.1266233383460287
11 110 0.2136322591649247 1.128932296576366 0.7090305216998515 0.7090305216998515 0.7402371288410988 0.7994106019791455 0.8517430195331893 0.8793722559181648 0.9227179204643877 1.073618512946814 1.128932296576366
12 120 0.19328561613494885 1.1300713607243853 0.700430357657487 0.700430357657487 0.7258541185015935 0.7617547756394523 0.8249115603843521 0.8844263044207276 0.9061695761394182 1.0697846978907526 1.1300713607243853
13 130 0.18139039142830454 1.1588561028086213 0.6569765385373292 0.6569765385373292 0.7078765883922422 0.7633105446133887 0.8115704478895508 0.8799799920220738 0.9076537755905121 1.022269920611756 1.1588561028086213
14 140 0.1704738643483453 1.1625428824081059 0.6406873915399093 0.6406873915399093 0.7114762842128025 0.7255130309377449 0.7868903026848659 0.8606402831807111 0.9039719386500188 1.0231249092842536 1.1625428824081059
15 150 0.1638301820366595 1.1668843700237859 0.6491518622777737 0.6491518622777737 0.7035619063836588 0.7172017361865576 0.7464876235270471 0.8478403605671113 0.8578877493161847 1.0233865489363716 1.1668843700237859
16 160 0.15610905145635284 1.1468584161230828 0.6450272611414364 0.6450272611414364 0.684491729278392 0.7072831864037769 0.7343472728386472 0.8335291806805737 0.8585552600609864 1.020468930248564 1.1468584161230828
17 170 0.1511335273655563 1.1227515612136838 0.6142317335674218 0.6142317335674218 0.6674317019412696 0.6962777260376478 0.726489998540374 0.8286120943780737 0.8675552729783413 1.0198259852168086 1.1227515612136838
18 180 0.14477698750389592 1.1031845658177082 0.603929039814443 0.603929039814443 0.6678357516594127 0.6962297242792327 0.7134920492007095 0.8279797795480709 0.8664141422409674 0.990042578024591 1.1031845658177082
19 190 0.13146079547089784 1.1002110535367644 0.5683784658226042 0.5683784658226042 0.628631620170105 0.7013782024831194 0.7421815815002825 0.8275160740619181 0.8645771840672792 0.9871254425849247 1.1002110535367644
20 200 0.12830667761479206 1.0760725134111782 0.5579667871378066 0.5579667871378066 0.6302916277729635 0.6937558373628248 0.7407445758242682 0.8363572326656586 0.8416055589821888 0.9316298090676836 1.0760725134111782
21 210 0.11326994557232639 1.0729152330465541 0.5276757629305922 0.5276757629305922 0.6468748544432974 0.6784242583845463 0.7423811457221176 0.8085196066495771 0.8566538512296796 0.9010850467427891 1.0729152330465541
22 220 0.09817967098504853 1.0781255225816948 0.5220099829346323 0.5220099829346323 0.6479842035527154 0.66472192065218 0.7624859082504082 0.7698545445116517 0.8365083635628541 0.8712343199348961 1.0781255225816948
23 230 0.08736913339527866 1.049173979487683 0.5009996556730547 0.5009996556730547 0.6362481374569461 0.6500756274193629 0.7425943682441853 0.7710511900960492 0.8305211162332906 0.8620445777042258 1.049173979487683
24 240 0.077079255057791 1.050582695090001 0.481387642462535 0.481387642462535 0.6341771522305152 0.6390061868001916 0.7352365375423445 0.7859016762386841 0.7999301714879329 0.8419585003635984 1.050582695090001
25 250 0.07346347728715112 1.0486526686579314 0.4817716583367866 0.4817716583367866 0.594606235798099 0.6095070458311659 0.7358613640229299 0.7828519454624085 0.7875853955947478 0.8234642103394122 1.0486526686579314
26 260 0.06740064804616831 1.0605786099460495 0.4819706562176934 0.4819706562176934 0.5867498796295452 0.6174420565172076 0.7055543137303975 0.7640055962867229 0.7993186598378331 0.822911709863936 1.0605786099460495
27 270 0.06063515705510994 1.0653720255025858 0.4692321918182127 0.4692321918182127 0.5710552161353277 0.6060269023639567 0.6719525770995701 0.7709104768035562 0.7902293634462093 0.8137075280417327 1.0653720255025858
28 280 0.0541521793089519 1.0321373654494477 0.4569521455001276 0.4569521455001276 0.5618710229913594 0.6043304881863223 0.65268202995 0.7350820714636668 0.787641539701486 0.8134221361910915 1.0321373654494477
29 290 0.05622717640901989 1.0317151175356107 0.45837367759206116 0.45837367759206116 0.5539602606440737 0.5761050870373782 0.6365572470042224 0.7238455897791185 0.789914407019883 0.8049960492027841 1.0317151175356107
30 300 0.05453282469978858 1.0895681606765715 0.45458453381562497 0.45458453381562497 0.5312967935656732 0.571884892345627 0.6544829447527709 0.7260445775813473 0.7803200102789044 0.7881214183819761 1.0895681606765715
31 310 0.05030438088721752 1.1289079442427248 0.4267731537568581 0.4267731537568581 0.5171981150851144 0.564266125532021 0.6477180774729042 0.7038076611678389 0.7783924594685697 0.7865221158513045 1.1289079442427248
32 320 0.04620192679053921 1.114671655954969 0.3995536349963566 0.3995536349963566 0.5058646807240275 0.5693902553885594 0.6471287221274333 0.7157799895052069 0.7406837474092186 0.7883966273002205 1.114671655954969
33 330 0.03741121076716103 1.109431776876155 0.39051767812670013 0.39051767812670013 0.5019960151877552 0.5752651888287931 0.5961400549407878 0.7001916942182973 0.7282906195174259 0.7953170993845848 1.109431776876155
34 340 0.03620789087601685 1.107732404202046 0.3910546015677287 0.3910546015677287 0.47279673441133074 0.5470115478383702 0.5741640605418071 0.6936877191413422 0.7233541748362288 0.7773164497246626 1.107732404202046
35 350 0.03792088675723169 1.1128914989331034 0.3846063266944775 0.3846063266944775 0.47110449993784886 0.534598075281113 0.5653443893897719 0.6685899120426931 0.7179901485257633 0.781756619236137 1.1128914989331034
36 360 0.044140912246966285 1.1342573137360275 0.3733228982104208 0.3733228982104208 0.46200722591736176 0.5339664874431197 0.5502146341608384 0.6615480605243558 0.7401286234935425 0.7732930677914345 1.1342573137360275
37 370 0.044528089808440065 1.2512364275824377 0.38667978962178545 0.38667978962178545 0.4566032970602727 0.5245791829424675 0.5406080120134713 0.639556130482926 0.7325816720851873 0.768102997482134 1.2512364275824377
38 380 0.045645500918142796 1.275936217663976 0.37084765114015245 0.37084765114015245 0.46586173585988616 0.5106335568794806 0.5414763637800816 0.6450280342510787 0.6962616735963743 0.7543173658106909 1.275936217663976
39 390 0.04558622993970003 1.357900158514207 0.366444118006056 0.366444118006056 0.45441587363227576 0.503038237592841 0.5123611666213824 0.6416284887276409 0.6762039237881602 0.7601440823507252 1.357900158514207
40 400 0.044483592551967335 1.383594820918536 0.3609343769785673 0.3609343769785673 0.46403442684201845 0.47908503484264964 0.5128083625980443 0.6377734697735806 0.6707041425082936 0.7254199528778678 1.383594820918536
41 410 0.04462307616938636 1.4046812660912458 0.3563392150984608 0.3563392150984608 0.4494302758377811 0.4756589055170631 0.5112056499159661 0.6114322657259926 0.6542472143492556 0.7211057822354888 1.4046812660912458
42 420 0.044406310234306905 1.4144661228605997 0.3626429937467807 0.3626429937467807 0.4294693382232347 0.489629744635381 0.5199015651057777 0.5995981693816962 0.6347018148931223 0.6978899917309707 1.4144661228605997
43 430 0.04522668619156907 1.4498106850279195 0.35582310378022003 0.35582310378022003 0.41578853489245815 0.4900639918136567 0.5172190755419489 0.5825743061023907 0.6293754752873277 0.6905608911387329 1.4498106850279195
44 440 0.04260420520666641 1.4332793776844543 0.3579074487243441 0.3579074487243441 0.42284038264926105 0.48728674104548036 0.49160438110597593 0.5911119896142213 0.6307183587343629 0.6588938829785954 1.4332793776844543
45 450 0.039059355175583094 1.4290458708023672 0.34970616674366034 0.34970616674366034 0.4169215686953316 0.4585572500851522 0.4940640796649137 0.5859108177531615 0.6336148925567475 0.6547459027059737 1.4290458708023672
46 460 0.03617848072289496 1.3519372120812982 0.350072749316159 0.350072749316159 0.39948091553243237 0.45614612379659997 0.4941219540625633 0.5895067950186311 0.609839960230578 0.6476572755530221 1.3519372120812982
47 470 0.03590827415694907 1.2953601266258943 0.3479042470927923 0.3479042470927923 0.39794191765130915 0.4528879298710633 0.4943560838774608 0.5750000405724934 0.5961433113551747 0.6225902570633073 1.2953601266258943
48 480 0.03585198223440189 1.3118964864375304 0.3490958390605241 0.3490958390605241 0.39305622228758474 0.44746064862412616 0.4976600485054915 0.562314035649516 0.5825951253440967 0.613891535204293 1.3118964864375304
49 490 0.03627476769171328 1.288091076139335 0.34766210369006356 0.34766210369006356 0.3956064084069438 0.448755281573759 0.478490233331615 0.5527170665048511 0.5843810644702327 0.6123285443080396 1.288091076139335
50 500 0.03377257098343876 1.2897986129126606 0.3468360664501853 0.3468360664501853 0.3921241011121531 0.4400701430453744 0.462700520070244 0.5391781166036836 0.5715682822649176 0.6227722792086694 1.2897986129126606
51 510 0.031229993570146292 1.288579832689252 0.34412799239384134 0.34412799239384134 0.3956042323016705 0.4265319453536527 0.4630830300322196 0.5160827623046368 0.5728485710326163 0.5834603529525142 1.288579832689252
52 520 0.03160512719026884 1.22381463349772 0.34631249538149456 0.34631249538149456 0.39241847637599225 0.4261817687998083 0.45953852298788883 0.4938399723539431 0.5476975459666892 0.5819011337700265 1.22381463349772
53 530 0.031902280747362094 1.270634862998072 0.33779426092882436 0.33779426092882436 0.3907416912784292 0.4302454689038649 0.43774488740241446 0.4970586878788266 0.5333228780601438 0.5755939560754424 1.270634862998072
54 540 0.03145128214111639 1.2510075129520997 0.33478617581756626 0.33478617581756626 0.3749102578496391 0.4076095749745802 0.4317099415162159 0.5104823059569451 0.5402374504551768 0.584452531655844 1.2510075129520997
55 550 0.03040747592205805 1.2039664791375084 0.3312597300978145 0.3312597300978145 0.380971148024269 0.4113885648320582 0.4371206841535146 0.5046309423434928 0.5241034126215485 0.5649658569738139 1.2039664791375084
56 560 0.029514662849497504 1.2241475448177943 0.32664791500160534 0.32664791500160534 0.37820621316226355 0.4091172562035432 0.42084687378630187 0.49349030090604934 0.5188618216052945 0.5606025586999822 1.2241475448177943
57 570 0.03078854474580642 1.1707203795954277 0.32641264052843505 0.32641264052843505 0.37612818541097387 0.41059345772806766 0.4181592500007755 0.47032594997451355 0.5127458627788928 0.5528649675490265 1.1707203795954277
58 580 0.027812577123453176 1.2463227628343845 0.3213023007874862 0.3213023007874862 0.3821781619882039 0.4087027964297637 0.43210800134981886 0.46121382510349584 0.4878788542487242 0.5528255011791705 1.2463227628343845
59 590 0.028376421752291634 1.2017144231296686 0.31555345491208203 0.31555345491208203 0.3827865684240212 0.40194586915018676 0.42389480397515067 0.46628543375025694 0.4718813626944735 0.5431333613163002 1.2017144231296686
60 600 0.03261515343362589 1.2017906258676057 0.3083788865375916 0.3083788865375916 0.37544348483515666 0.3964888087886477 0.4382689144949877 0.45483014199033195 0.4683528545529107 0.5404193425137426 1.2017906258676057
61 610 0.033786592236864865 1.3679924216128603 0.30263825635246044 0.30263825635246044 0.36602475151013064 0.38437613220403655 0.43139387266476176 0.4509212931946372 0.4693726988710314 0.5313075111118146 1.3679924216128603
62 620 0.03391796369135831 1.4048280870424976 0.2973644485555466 0.2973644485555466 0.3552769013988126 0.3731167445269472 0.4272107337642939 0.4374915939834841 0.4620749776915706 0.523146515389118 1.4048280870424976
63 630 0.035239137191820986 1.3517019767666523 0.29500288980719963 0.29500288980719963 0.3339258037162058 0.353958476635632 0.42783514991382293 0.4368456114795046 0.48168700476473153 0.5250301882118142 1.3517019767666523
64 640 0.037639263399670636 1.4281495776352897 0.2953868424806858 0.2953868424806858 0.33248719808229943 0.36078678333925035 0.41326460566787354 0.4195565628691429 0.4892627930397413 0.4995844077485074 1.4281495776352897
65 650 0.039061950405958674 1.3691664827460777 0.2894016418254397 0.2894016418254397 0.3315911965450374 0.362345611880848 0.416968887822586 0.4298010114595529 0.45710888748883954 0.512541260863852 1.3691664827460777
66 660 0.039652288545914204 1.4255976855802397 0.27768954966584164 0.27768954966584164 0.32636857907128825 0.35905572815611625 0.41273623261510695 0.43759346744480687 0.44570099118062745 0.4949846177630861 1.4255976855802397
67 670 0.038924736836437435 1.465212184476336 0.2691080305820927 0.2691080305820927 0.3168909772220915 0.35380423168814784 0.40141138354260963 0.4231166961505771 0.4411804426331511 0.5137680864259299 1.465212184476336
68 680 0.03809714889280629 1.4671302011824514 0.26775681328142426 0.26775681328142426 0.30436416192373056 0.34975592896514157 0.39855060958853805 0.41576226123728177 0.4484651979377894 0.4928626145818354 1.4671302011824514
69 690 0.03777299534463795 1.4823966264683706 0.2611852487316414 0.2611852487316414 0.303244119965283 0.3425676144965157 0.3928159261899072 0.4084890728242276 0.4569606240070438 0.4697344778832549 1.4823966264683706
70 700 0.034976179594787986 1.4428101041452766 0.2574032454112468 0.2574032454112468 0.2912170529856425 0.3345479022942095 0.3908608563288036 0.42591767540248765 0.45630612010901594 0.45960199114033884 1.4428101041452766
71 710 0.037462023400003285 1.4557270289943987 0.2472879585249766 0.2472879585249766 0.29205476466700175 0.33176391390692883 0.38011079438088985 0.4087952311414065 0.44582039452410527 0.459843321441889 1.4557270289943987
72 720 0.0343956831522593 1.486166037390817 0.2529265034840065 0.2529265034840065 0.2936938745907193 0.3307211264519563 0.37905754911814715 0.40079537915198094 0.42911790135455646 0.47387462542417674 1.486166037390817
73 730 0.03576404523017713 1.4408081860348965 0.2480349211329038 0.2480349211329038 0.2883469193872545 0.3356079638050043 0.3816789256514632 0.39232445808663574 0.4196500968265148 0.458660868414542 1.4408081860348965
74 740 0.034843762332167065 1.5072661490347377 0.24813392133448678 0.24813392133448678 0.29013983325300413 0.3270075589797892 0.3627322084628626 0.3866919881581086 0.41093150661666866 0.47035525904053627 1.5072661490347377
75 750 0.033337076051670037 1.5216323801184999 0.24225258129964827 0.24225258129964827 0.27979432350536226 0.32339222742035395 0.36100742573351097 0.3855759045577898 0.4003181959715039 0.455791446034195 1.5216323801184999
76 760 0.034651635579545814 1.469161530654935 0.24021953712589267 0.24021953712589267 0.2692106173767497 0.3239149246497246 0.35244464996227953 0.3748805632379886 0.3958393725824253 0.46793197745880216 1.469161530654935
77 770 0.03600377324422572 1.523049952371991 0.23242646884951593 0.23242646884951593 0.26829519165238647 0.3282388471535584 0.3436437309026158 0.3717765241933494 0.39023622928924384 0.4667044366291278 1.523049952371991
78 780 0.03778204587614598 1.471967245456234 0.2263107147045877 0.2263107147045877 0.2652234923458226 0.32440090882549333 0.3576343443198339 0.3660007274150707 0.3897190340925941 0.4629709579388762 1.471967245456234
79 790 0.03889118222108839 1.4219056565550696 0.22402545112511393 0.22402545112511393 0.2651657881629845 0.3225045293262097 0.3557782474256204 0.3753488079776525 0.3852026978592551 0.450587213282557 1.4219056565550696
80 800 0.036934316643024066 1.363284727033701 0.2338302930451911 0.2338302930451911 0.2627905489318512 0.31563303283335353 0.34336450468951973 0.37535383039592635 0.38317241443113925 0.4507659652496991 1.363284727033701
81 810 0.035270287492364806 1.3346141508133813 0.2309358540610933 0.2309358540610933 0.25689481713452916 0.31410943479813236 0.3450615752003755 0.37575317050474477 0.3922155152554306 0.4552744298689013 1.3346141508133813
82 820 0.03476422762002814 1.2717891907689522 0.2311642642620284 0.2311642642620284 0.259869236518298 0.3132625778626636 0.33330740699129524 0.36672122063545987 0.4004611204868594 0.44877561763355267 1.2717891907689522
83 830 0.035669894232405616 1.2973945233941386 0.23284849605058788 0.23284849605058788 0.2473446154003815 0.3107078583109407 0.3238405904359787 0.35977657621291054 0.38718270937402977 0.4437560333865743 1.2973945233941386
84 840 0.03941972183425274 1.3241197365820176 0.23636942875640224 0.23636942875640224 0.24010414912365996 0.3049074459407707 0.3200834116655926 0.3567584809970311 0.38158734574712316 0.4371372826750726 1.3241197365820176
85 850 0.04313783215524533 1.3397663349903843 0.22304445345881577 0.22304445345881577 0.238240981514034 0.3019598522104851 0.32895547755205107 0.35675791704137705 0.3875713816584888 0.4449708956083934 1.3397663349903843
86 860 0.04548019630796862 1.3930685582979947 0.21242470359339546 0.21242470359339546 0.2526821524939577 0.2939868175440316 0.3289381404806988 0.34700207082405504 0.3770842408356858 0.4567906146381 1.3930685582979947
87 870 0.050186572556059045 1.353215758547463 0.2102703908889276 0.2102703908889276 0.2596408720616538 0.2782139914500311 0.3180032726436444 0.35644585963255965 0.3735365824838218 0.4676600538411003 1.353215758547463
88 880 0.0542813648353735 1.3183910826460827 0.19941984353404232 0.19941984353404232 0.25935710870060263 0.2831343094614394 0.32822599625909193 0.35395598168431386 0.3806338514925067 0.47678872521528987 1.3183910826460827
89 890 0.0596117040072105 1.2661469753759702 0.1990954671196449 0.1990954671196449 0.25598936073484624 0.2791897230520298 0.32564023052276225 0.35261800560832557 0.37531770943350184 0.4963432659304866 1.2661469753759702
90 900 0.06431897915679863 1.2859419642386059 0.1952474839748089 0.1952474839748089 0.2373752364598607 0.27542345084365705 0.3229342036385266 0.3491617066123443 0.3840015908035543 0.5229544908913915 1.2859419642386059
91 910 0.05957430981173221 1.339133325745203 0.19206221203615892 0.19206221203615892 0.23456882779127464 0.27284594634413334 0.31824515891022076 0.3623062026808517 0.37402541006807877 0.5183193869894309 1.339133325745203
92 920 0.05951959466956017 1.352289311432487 0.19398735345024856 0.19398735345024856 0.23272548346731148 0.2528769236310791 0.31275652956514005 0.3514620557542805 0.3751065892322084 0.501938767591158 1.352289311432487
93 930 0.05729431360156353 1.378633010103483 0.18711497623205495 0.18711497623205495 0.23839712012098443 0.25185463843660266 0.3125169229294885 0.33898246203097665 0.37323803915692033 0.4901846502226031 1.378633010103483
94 940 0.05002922881776391 1.3514911881152725 0.16966901936236398 0.16966901936236398 0.24021740988884657 0.25042272834617424 0.3237797074610742 0.33267456896167186 0.37958660775180786 0.4903787630401141 1.3514911881152725
95 950 0.04235748426928222 1.2865738100643838 0.16624214410920027 0.16624214410920027 0.2396520492838716 0.24745635353740533 0.31665817884629827 0.33010278202806054 0.37894924630768917 0.4706421461174024 1.2865738100643838
96 960 0.04337801620208489 1.244851080411737 0.1619521465136691 0.1619521465136691 0.2372510114437915 0.2428252898694281 0.30814464902860583 0.32229588842780044 0.36557014418258854 0.4686415603901838 1.244851080411737
97 970 0.04838904880082834 1.2514699116383707 0.1621835417264466 0.1621835417264466 0.228362420246554 0.24265885786612507 0.29971050708532715 0.3288948685882612 0.3755232010428446 0.4626376419566216 1.2514699116383707
98 980 0.05286192255815553 1.2743850355229238 0.1619367932076001 0.1619367932076001 0.2279664336604105 0.24218585845546622 0.2865720608548765 0.3559342291538514 0.3689957042797109 0.46477722908239993 1.2743850355229238
99 990 0.05643269299481307 1.1957762702319392 0.16027676744949243 0.16027676744949243 0.2379065880910891 0.25007482917740803 0.2803634025407643 0.36181114302519535 0.3684148854037969 0.45223874557890925 1.1957762702319392
100 1000 0.053870150432192045 1.1856668025111599 0.16082432372467378 0.16082432372467378 0.24237856977191846 0.245839376847446 0.28534657962354637 0.341918495956413 0.3634014884323434 0.453253023311122 1.1856668025111599
101 1010 0.052778708138557506 1.1680462680895767 0.16413026155377558 0.16413026155377558 0.23561086559210306 0.24269508907453713 0.27984914668975436 0.3354964064242036 0.3520661279865335 0.4509642540175506 1.1680462680895767
102 1020 0.04821476585470513 1.1468072224892978 0.1548837002348322 0.1548837002348322 0.23159742682870826 0.24094569696092916 0.28254882907982964 0.3422289030792974 0.3591376852044543 0.4405823033218011 1.1468072224892978
103 1030 0.042648128632300455 1.1286271719566459 0.15359262318425615 0.15359262318425615 0.22283114395367085 0.2345063126950753 0.2804103417158456 0.337037967304261 0.36239230839700076 0.4405990314711895 1.1286271719566459
104 1040 0.04015587263749071 1.136275796101587 0.14859712241694242 0.14859712241694242 0.21636473163054967 0.2368615264398002 0.2755709099775858 0.3192191495042017 0.3646089798153396 0.42295531755331334 1.136275796101587
105 1050 0.046302054080748486 1.118587619108529 0.1475301987682955 0.1475301987682955 0.2194061000525766 0.23948958092977213 0.26545911307333087 0.31319145020388517 0.36473171477696714 0.41861637056667605 1.118587619108529
106 1060 0.04908087374128889 1.1232830720149833 0.1481041519586873 0.1481041519586873 0.20899237641501034 0.24080596564946544 0.2823973749763513 0.32027379793415367 0.36045663973044084 0.43685718176659066 1.1232830720149833
107 1070 0.05670093187522513 1.1414121275519877 0.14965490579768345 0.14965490579768345 0.20115919829946555 0.23777913357539743 0.2811911157269805 0.3046267172301711 0.35651930588987546 0.4374560604297043 1.1414121275519877
108 1080 0.06806041427242132 1.1446073829527756 0.15052887618080538 0.15052887618080538 0.19647735789535242 0.23667038823152653 0.2855394163016249 0.3017023238450577 0.3379557375094858 0.4714503318705426 1.1446073829527756
109 1090 0.08075036922009485 1.1675871906009159 0.14814593779441584 0.14814593779441584 0.20316405701194454 0.22342953857630413 0.29085817049277374 0.30380255714879273 0.3358756078455966 0.47420800645795724 1.1675871906009159
110 1100 0.08603667137186523 1.2203151846573201 0.1441929626259318 0.1441929626259318 0.1969109718451556 0.22111384768733477 0.28547832129512785 0.29934534396771206 0.3436900171726033 0.47458931084065586 1.2203151846573201
111 1110 0.08875747574557069 1.1568928838785637 0.14541565090173292 0.14541565090173292 0.19284014703414248 0.2245090606455462 0.2726441291383026 0.295074498811649 0.34487546983312756 0.47839872240745207 1.1568928838785637
112 1120 0.0945788363483253 1.1595108897179043 0.13953549287210915 0.13953549287210915 0.1891224348445746 0.22394447954578386 0.258396193581583 0.293246572977609 0.34653598065245966 0.4898183484431503 1.1595108897179043
113 1130 0.08644318435330606 1.174832092482493 0.13366690589672184 0.13366690589672184 0.1877982146656684 0.2215308929395887 0.24710456559622415 0.2870923925060418 0.33798660011321957 0.5112215650020032 1.174832092482493
114 1140 0.08394845799167033 1.1381391266164478 0.13295113964388172 0.13295113964388172 0.18569754232811506 0.22015341497176302 0.24573663747803728 0.27917503918922826 0.3239597019237566 0.5072913317763462 1.1381391266164478
115 1150 0.08357696363016195 1.142683862961793 0.12872120317836278 0.12872120317836278 0.18129771478836954 0.23138041611761787 0.23750988549842197 0.2771352434975225 0.3181399712741465 0.5023060000607094 1.142683862961793
116 1160 0.08214907320861402 1.1704325959839066 0.12622546078425986 0.12622546078425986 0.18165125701378282 0.23001512999148957 0.23748007859380768 0.277920075728289 0.3138508906920482 0.4677720165955805 1.1704325959839066
117 1170 0.08418261593080079 1.1730512290407171 0.12400010434012183 0.12400010434012183 0.17962363720255747 0.23117058504079882 0.2375449777673845 0.28245883644677067 0.30557623261277944 0.45794041261506174 1.1730512290407171
118 1180 0.08253771724570691 1.1877394816218747 0.12459332561268498 0.12459332561268498 0.17418663771721973 0.2216053621907432 0.22798348589299341 0.29586487566686726 0.3049734666048927 0.4471870816154026 1.1877394816218747
119 1190 0.08689657953474715 1.1713079497394758 0.12188091241890255 0.12188091241890255 0.16688052816756488 0.22126901195972778 0.22655185224097343 0.2843635844624902 0.31555828556773485 0.4261441380087182 1.1713079497394758
120 1200 0.08617708117164888 1.1447802009067618 0.12231055004190404 0.12231055004190404 0.16585287585371902 0.21876252451375094 0.2225332694089764 0.28087365636930917 0.3258252809697602 0.4089995589642256 1.1447802009067618
121 1210 0.08591798820102624 1.1308200425052655 0.12338330927786123 0.12338330927786123 0.16094287018079997 0.214488800388045 0.21950863615256275 0.2805410260912822 0.32212587621162303 0.3998848365814545 1.1308200425052655
122 1220 0.07906747343700256 1.1134143293606666 0.12457438431749224 0.12457438431749224 0.15691604406442863 0.2093163859481606 0.2253544969052258 0.28044411622971666 0.3145265524067666 0.393633778204719 1.1134143293606666
123 1230 0.08007120826214927 1.1070048670285526 0.1244179325371683 0.1244179325371683 0.15795872231471553 0.20422061506221345 0.21447730735009543 0.28000918582709977 0.30027421535379156 0.38750693413615755 1.1070048670285526
124 1240 0.0871980547217194 1.0572487437497735 0.12506704314604744 0.12506704314604744 0.14958866022247702 0.21005254358366196 0.2155959027722718 0.28244052317671103 0.30632720301942545 0.37037711987758426 1.0572487437497735
125 1250 0.09203700571772003 1.0495311169991557 0.12692239469260394 0.12692239469260394 0.1475872263767494 0.21058054596808348 0.21606941370628419 0.2955052844334774 0.30377106160957906 0.36238164932795874 1.0495311169991557
126 1260 0.09520910048865845 1.0689709569787849 0.12561272878529528 0.12561272878529528 0.1466066822759075 0.20723796004490644 0.21610470180485253 0.28378879602091805 0.30156545416448216 0.36225326882200853 1.0689709569787849
127 1270 0.09466089845041506 1.0443313172648623 0.12664312070196587 0.12664312070196587 0.14324962655565404 0.20509710258773856 0.21496211451578523 0.2727882052414844 0.29992605081116386 0.36754829084925417 1.0443313172648623
128 1280 0.08917349187148604 1.0459614728832418 0.1209604240750801 0.1209604240750801 0.1429937365946745 0.18857316852070352 0.21425452963684316 0.2681699552369752 0.30153065266413304 0.37464100784035387 1.0459614728832418
129 1290 0.07678685628851499 0.9883472903212387 0.12217080124078322 0.12217080124078322 0.1376095938265893 0.18501749705696868 0.21652951091765404 0.2658541046296631 0.2935618923515604 0.37686509534839296 0.9883472903212387
130 1300 0.06888753119828558 0.9929745685164036 0.12384143767169059 0.12384143767169059 0.1327901050128557 0.17373609800260167 0.21205976106727184 0.2584037872428766 0.2899847892452076 0.3654133866816681 0.9929745685164036
131 1310 0.06521959213669305 0.9348508368599133 0.12416808956136352 0.12416808956136352 0.13503687957849517 0.17364329817756952 0.21299694078880724 0.2524636165293312 0.2810455224692837 0.3628808371123464 0.9348508368599133
132 1320 0.06359096467880795 0.9325045644563795 0.12407280753212051 0.12407280753212051 0.13459062889134543 0.15805184635885142 0.21228097496606524 0.2475748524854752 0.285765647265413 0.35495403641142503 0.9325045644563795
133 1330 0.06650967671813035 0.9295673609902212 0.12099376717603692 0.12099376717603692 0.12909524006666553 0.1577852837846368 0.2129398367187417 0.24377834312273286 0.2948357117409036 0.34486572286662664 0.9295673609902212
134 1340 0.06089332487697214 0.9190874256235435 0.11859090689217551 0.11859090689217551 0.1261071845643015 0.163274477990016 0.21317671280821388 0.2358914640492365 0.2960309331705254 0.3451429624596604 0.9190874256235435
135 1350 0.05442290808823494 0.9234467227877607 0.11563345843159828 0.11563345843159828 0.128149627468233 0.1510446075683744 0.2085331368333923 0.2365511441985603 0.2869914363415597 0.3461252032827107 0.9234467227877607
136 1360 0.05153769343652108 0.9225450803846835 0.11025254402634976 0.11025254402634976 0.13176999341094606 0.15074976214855884 0.20175503273777057 0.23200063464638607 0.28479763934019725 0.3436220478500808 0.9225450803846835
137 1370 0.05381945518445654 0.924438759367912 0.10923975565435487 0.10923975565435487 0.12891633658435162 0.15259774237838183 0.20053637528596904 0.22025849421534002 0.28737521388658704 0.34175654146427137 0.924438759367912
138 1380 0.05685585351491424 0.8786521841425105 0.10769038601182954 0.10769038601182954 0.13015432577961022 0.1517616187849572 0.19621109982266727 0.21666488864703953 0.2852441224650763 0.3623980966581395 0.8786521841425105
139 1390 0.06161802932942638 0.8390162201569827 0.107825692288375 0.107825692288375 0.13220893339322481 0.15153400578604356 0.20931833938392772 0.212662074435107 0.2741682113837971 0.35725038874329074 0.8390162201569827
140 1400 0.06039282084057819 0.8814736693142221 0.1083804289047088 0.1083804289047088 0.12340322766241882 0.15421690981249456 0.2011764243697913 0.21081712123593918 0.2729166559247082 0.3593094972238121 0.8814736693142221
141 1410 0.05869704646782483 0.8935676043439009 0.10544446193264 0.10544446193264 0.11940665851508116 0.14742479568786526 0.19881629612301546 0.21366606445033823 0.27131419978860644 0.35546850964510607 0.8935676043439009
142 1420 0.05915573625376829 0.875135272535382 0.105961497891756 0.105961497891756 0.11679715973001004 0.14585751132383606 0.19975120690915035 0.21785677122734542 0.2561134875977159 0.35249596538082534 0.875135272535382
143 1430 0.0637883041472208 0.8984948210681131 0.10347368262416105 0.10347368262416105 0.11809327212582826 0.14574151843444128 0.19740479467192165 0.21543310571129382 0.25306459119594665 0.3378252084632004 0.8984948210681131
144 1440 0.06528636158192683 0.8981942459868915 0.09642198052783277 0.09642198052783277 0.11628321801151995 0.148228756262703 0.19655999594275378 0.22278836463016352 0.25234708101685616 0.33392782643215746 0.8981942459868915
145 1450 0.06401636256834396 0.9039165713162274 0.09583907132264416 0.09583907132264416 0.11199714995309568 0.14632573871641916 0.1908510088806932 0.22236117650974271 0.25007068114514924 0.33309607108377043 0.9039165713162274
146 1460 0.06254924917045278 0.90139967288398 0.09696007169682948 0.09696007169682948 0.10854632532880797 0.1441017131367199 0.1909612734854348 0.21863699582053941 0.24478356642394222 0.3243066987154539 0.90139967288398
147 1470 0.06584549634375855 0.8774498744256136 0.09786785228110415 0.09786785228110415 0.1081286470590368 0.14401482593528575 0.18815758610345662 0.21047600845693037 0.23882492684205617 0.3264827088660341 0.8774498744256136
148 1480 0.07034939413345528 0.8693072441612495 0.09653203127515962 0.09653203127515962 0.11072759946385365 0.14338812427532072 0.18566517876105113 0.212506764939241 0.23002456354183629 0.3155612148855726 0.8693072441612495
149 1490 0.07683010748184944 0.8365585000339727 0.0958947500661682 0.0958947500661682 0.109114515611313 0.14114604494614405 0.18186672302739432 0.21560968629817684 0.2345745129137111 0.3142321014557682 0.8365585000339727
150 1500 0.0721569328285998 0.8245189605435236 0.09408755917233193 0.09408755917233193 0.11139155721297915 0.1409756184411157 0.18124753177196548 0.2177145470117686 0.23117956626635008 0.3048030569568548 0.8245189605435236
151 1510 0.06815769610621648 0.8141180040053245 0.08586319031772699 0.08586319031772699 0.11075468441790788 0.13440927046182755 0.1799782541851329 0.21934519646679768 0.23284785401130664 0.305149601506656 0.8141180040053245
152 1520 0.0604281127199561 0.837339142295734 0.08443395061885578 0.08443395061885578 0.11030379911442878 0.13384683664674926 0.17958040496690048 0.21305867934023792 0.22818069035910837 0.2920856703912445 0.837339142295734
153 1530 0.059416936489938996 0.8400672623979587 0.07920272869953349 0.07920272869953349 0.11012663893785045 0.13430462196485735 0.17795359856174564 0.2076893190311901 0.2147367519761934 0.2912505036898718 0.8400672623979587
154 1540 0.059956121227695405 0.8704872940464773 0.08087236118027295 0.08087236118027295 0.10194848977144107 0.13385471096795915 0.17732410069014126 0.2028080837934539 0.212597723913399 0.2801184264807695 0.8704872940464773
155 1550 0.05633845415205223 0.8699195052636466 0.08249486919253912 0.08249486919253912 0.10114924303774957 0.13100536176687363 0.1726144032810761 0.2011098059464464 0.2139996269369235 0.26490106191381874 0.8699195052636466
156 1560 0.056336052407367554 0.8714689929563046 0.08161771498670409 0.08161771498670409 0.10066747204945674 0.12537461954778292 0.17521963432160687 0.19607610981666995 0.2084049884026797 0.2598107681713549 0.8714689929563046
157 1570 0.05599756205163675 0.8628061091454728 0.08019501355679305 0.08019501355679305 0.10264083086640302 0.12496396614795853 0.1714446544775018 0.19275010575756393 0.1996470609229035 0.2724778074990562 0.8628061091454728
158 1580 0.06551491323828035 0.8403269050105469 0.08026762086654876 0.08026762086654876 0.09879697503701004 0.12276722026752272 0.1694529708061789 0.19104606346181752 0.1990426567528987 0.27773402704038336 0.8403269050105469
159 1590 0.07167208166055078 0.9307279051005881 0.0780573004476736 0.0780573004476736 0.09799598016788386 0.1207480044719401 0.16776294895994154 0.18038709263063255 0.19992393748433104 0.30369572992556915 0.9307279051005881
160 1600 0.07674069743199788 0.9274663277162715 0.0778032504193766 0.0778032504193766 0.09913132043711635 0.11811916003467762 0.1612313306131547 0.1759279984044649 0.19055049476313904 0.31757380775209465 0.9274663277162715
161 1610 0.07489345801394513 0.893285716283613 0.07926395600144327 0.07926395600144327 0.09923169944306384 0.11456738759275764 0.16216588778206015 0.1798404078100055 0.19601802456165618 0.32090325330006514 0.893285716283613
162 1620 0.075817880882687 0.8763613098592405 0.07948109736972445 0.07948109736972445 0.09618304852993566 0.11111113482930829 0.155491549879061 0.17805596252327274 0.19437215098862295 0.32773689459093874 0.8763613098592405
163 1630 0.07100627892362088 0.8902239961121045 0.08046880935026197 0.08046880935026197 0.09388303561957513 0.11504123151505945 0.1527951445533416 0.17287684960827385 0.1853766445804642 0.3299639393471147 0.8902239961121045
164 1640 0.07049470670152648 0.840799663588694 0.08032540907768441 0.08032540907768441 0.09206626333113568 0.11662467960751588 0.15141899740262307 0.17075475785760452 0.18400893435009563 0.3239644972159169 0.840799663588694
165 1650 0.07399944270959938 0.8404933454821347 0.0772688362431511 0.0772688362431511 0.09145699411447587 0.10919083891955089 0.15230879324513288 0.16434526901911536 0.1841693412718552 0.3399261959245485 0.8404933454821347
166 1660 0.0752896119584579 0.8401653219805204 0.08131515344736873 0.08131515344736873 0.09027734403820788 0.1087684118675732 0.151098262886709 0.16283173683181593 0.18020513103969094 0.3336240827341376 0.8401653219805204
167 1670 0.07597112968453716 0.8418002362958428 0.08023750425834895 0.08023750425834895 0.09046338649783445 0.10778609832876603 0.1486562991508261 0.16173562610409184 0.17890269459692965 0.31240182142246403 0.8418002362958428
168 1680 0.0732860467265199 0.8214399264789036 0.07952283622686632 0.07952283622686632 0.08850242963599447 0.10784569469308172 0.1476057810182933 0.16073440069256562 0.18116190247455602 0.3153286619883124 0.8214399264789036
169 1690 0.0720179883010476 0.8248299456760754 0.07587747622671172 0.07587747622671172 0.0893662910494552 0.10331763997550206 0.14537086598975793 0.1613640174007121 0.1782926927519748 0.30784353860758557 0.8248299456760754
170 1700 0.06674961345894641 0.821101632469526 0.07676151204344729 0.07676151204344729 0.08276783612736169 0.1038788352223958 0.1465712248428524 0.15458762236509704 0.17767532899068494 0.3149082334578788 0.821101632469526
171 1710 0.06321152396743704 0.8361454931571992 0.07401861095375922 0.07401861095375922 0.08248013607484825 0.104608512231843 0.1402234290013232 0.1513515477982228 0.17299622010373022 0.30369247748103734 0.8361454931571992
172 1720 0.06528583025446069 0.8287276058690699 0.07422232654283209 0.07422232654283209 0.08165723145379583 0.10247729678868742 0.13665587000647833 0.15175251724945582 0.16330387910907893 0.2951715477509081 0.8287276058690699
173 1730 0.06065262048875426 0.8337136175053829 0.07038918809444843 0.07038918809444843 0.08147119191185183 0.10154401794384776 0.1357458853060885 0.15413096380587243 0.17085133951891457 0.2895923869173739 0.8337136175053829
174 1740 0.06137575160705135 0.837773796429882 0.06556608554399293 0.06556608554399293 0.08121177389294047 0.10107675143218123 0.12995959180784553 0.1496676155764605 0.17502195752251812 0.28317704966893237 0.837773796429882
175 1750 0.05939185010960398 0.8387404720439349 0.06513238625450102 0.06513238625450102 0.08001898176500553 0.10434407058418578 0.12895704872217362 0.1494332245617862 0.17001661817913935 0.27954708537328926 0.8387404720439349
176 1760 0.05413544238539504 0.8492692549900839 0.06602739906021698 0.06602739906021698 0.07640459551761572 0.09979980478880926 0.1278270914910616 0.14952744902992723 0.1723282436091375 0.26870806123701374 0.8492692549900839
177 1770 0.05109206554372789 0.8440013773401606 0.06414815456217245 0.06414815456217245 0.07450921765318566 0.09406304560816652 0.1285358321113528 0.150366186120215 0.17276996112573428 0.2680119945965319 0.8440013773401606
178 1780 0.05386696270413767 0.8430879401640572 0.06066261377393021 0.06066261377393021 0.07388472059715477 0.09375158782269088 0.12401080179861433 0.14991037848597363 0.17034643524047355 0.27112727722319524 0.8430879401640572
179 1790 0.05632109898303558 0.8670435866823056 0.06086072685489178 0.06086072685489178 0.07241253526233986 0.09279099737516511 0.1225879918095202 0.15779758558341575 0.16494097486033307 0.26799062415171704 0.8670435866823056
180 1800 0.060132451246779225 0.8565147766970347 0.060286215819828036 0.060286215819828036 0.07437115126420914 0.09122274762805374 0.11798159743760947 0.15441597807995341 0.16028438838984804 0.277275307987552 0.8565147766970347
181 1810 0.0582629151212543 0.8792386123458261 0.06005445502058946 0.06005445502058946 0.07374556716886886 0.08549103309645735 0.11863765156526367 0.1501861037075305 0.15776561179236706 0.2915123810094719 0.8792386123458261
182 1820 0.052331418648394655 0.8847729000078388 0.05868375354385488 0.05868375354385488 0.07171150661906439 0.08464392411335635 0.11571361127587586 0.14586857747643908 0.15530287209985344 0.301807324787411 0.8847729000078388
183 1830 0.04901145707596718 0.8827177146189079 0.05792098667905007 0.05792098667905007 0.07344380406399885 0.08173660631595193 0.1108929837164297 0.1417440532102803 0.15361201685933767 0.2889753027907498 0.8827177146189079
184 1840 0.04553229664721674 0.8636021791262098 0.05829870407134631 0.05829870407134631 0.0744826671108419 0.07832334125327206 0.10828965433753765 0.13963413903909042 0.154067197637817 0.2831295911392578 0.8636021791262098
185 1850 0.041764184554580516 0.8399750219760576 0.05671042789087514 0.05671042789087514 0.07384385702410862 0.0774056647189929 0.10576260270482919 0.1364106959029158 0.15357693874322545 0.27798665961392766 0.8399750219760576
186 1860 0.04286616525129285 0.8250518663449687 0.05441039017386554 0.05441039017386554 0.07351507648574643 0.07906141488902581 0.10377959482098126 0.13726290397435778 0.14967335229041737 0.27036329915856133 0.8250518663449687
187 1870 0.04891089688485296 0.8166315387701736 0.05373439610069333 0.05373439610069333 0.07346348490763649 0.07779701436535702 0.11054435820768808 0.1364126355963396 0.1479325266830546 0.262263642865418 0.8166315387701736
188 1880 0.05399221364783865 0.8212545338856494 0.0528397212607278 0.0528397212607278 0.0690412736599339 0.07748416971191734 0.11354022204468285 0.13632379810670506 0.15320640526102605 0.2657409938091098 0.8212545338856494
189 1890 0.06263792052425457 0.825167587581711 0.051973093632549136 0.051973093632549136 0.06947098597162607 0.07555505025985607 0.11771383177138792 0.13395222505660934 0.15280229939585424 0.25608804886379777 0.825167587581711
190 1900 0.06697517996682407 0.8470685602127608 0.05159634126800101 0.05159634126800101 0.06966761656496158 0.07579882137425854 0.11501008249105252 0.14297237725346534 0.14713029136016803 0.2565601596412028 0.8470685602127608
191 1910 0.06176566342712592 0.8282856516375002 0.05055082184565171 0.05055082184565171 0.06945884477151264 0.07558325886787595 0.11520448900595766 0.14213700075669541 0.14765229362080232 0.2572524426928401 0.8282856516375002
192 1920 0.05908618935464375 0.8088341813017571 0.05003624476691442 0.05003624476691442 0.06811453116477388 0.07599790691119872 0.11322552663735833 0.13827956675536046 0.14571364917913607 0.252876203765303 0.8088341813017571
193 1930 0.055387974972000174 0.8058306208118131 0.04925439647761908 0.04925439647761908 0.0656067498873588 0.07593992484628237 0.11805756651071267 0.13561951561246496 0.13764664944221577 0.25022600534569556 0.8058306208118131
194 1940 0.0554714833729822 0.8051209459773565 0.048245850464760154 0.048245850464760154 0.06740960289873445 0.07670359130196834 0.1147929994508424 0.13138686891959508 0.13600264474694124 0.2471712873681668 0.8051209459773565
195 1950 0.055812028016201304 0.8405625837477293 0.047707789787950976 0.047707789787950976 0.06422138948028373 0.07714010603635657 0.11102937191585677 0.13235689324746064 0.13554782007529684 0.2414464909041149 0.8405625837477293
196 1960 0.050657193048646194 0.8218025985791096 0.04737236456737321 0.04737236456737321 0.062252739392483145 0.07933833955208766 0.10911156045706763 0.1324506211741927 0.13708772108542946 0.23409088447258233 0.8218025985791096
197 1970 0.04714247193188256 0.8329161153340849 0.04710917811702362 0.04710917811702362 0.06157840996377118 0.07780378748032145 0.10954547956042796 0.13150454176654638 0.13840952037561546 0.21375590824311277 0.8329161153340849
198 1980 0.04445237612265694 0.8231528582620448 0.045743204032413956 0.045743204032413956 0.06092871860800746 0.07530939375112713 0.10714804137178387 0.12979764341593333 0.13777743336493248 0.21532413926952407 0.8231528582620448
199 1990 0.045331014717655514 0.8455251299711906 0.04371871108738474 0.04371871108738474 0.06024481776354681 0.07316490142298619 0.10583024415652043 0.12919046477204787 0.13286334834712168 0.21353978051839365 0.8455251299711906
200 2000 0.04163986561418637 0.8855676282289346 0.04303644970572455 0.04303644970572455 0.05782770562260951 0.0709924409184147 0.10290678394115566 0.12927085354323598 0.1331789341375104 0.21280641308726214 0.8855676282289346
201 2010 0.03720200077587378 0.8861337063854073 0.04333337938450196 0.04333337938450196 0.056903498884150534 0.07230125357533423 0.10044905993128898 0.12081729053513068 0.1318438852263166 0.20859177196789574 0.8861337063854073
202 2020 0.03716434443885964 0.872203675734508 0.041450378781871446 0.041450378781871446 0.056342385363966664 0.07113758271361668 0.09926128620581479 0.11868674051547408 0.12799638082363743 0.2055739266185059 0.872203675734508
203 2030 0.03574705097019089 0.8728072488641123 0.04093907743067324 0.04093907743067324 0.05759179275523536 0.07181846328074645 0.09559990622974678 0.1169712334287677 0.12610450477917928 0.20603929977701968 0.8728072488641123
204 2040 0.0348048461049665 0.8298794381864427 0.040734582186794537 0.040734582186794537 0.05729434317258777 0.07034288150246111 0.09572762625888578 0.11652107824720413 0.1241129272399136 0.21013273504542868 0.8298794381864427
205 2050 0.03660892860670001 0.8432696624088919 0.04103183603649088 0.04103183603649088 0.05694979465262982 0.0702028705258693 0.0899274921891107 0.11143471152797246 0.1240147547880279 0.20905323987198085 0.8432696624088919
206 2060 0.03611526733120202 0.8706397507058153 0.042741119060672225 0.042741119060672225 0.056887306075834886 0.06892285199007443 0.08821454567288697 0.10359086717314712 0.12635462555703253 0.2060546137551043 0.8706397507058153
207 2070 0.041246266063645745 0.8805070218707067 0.04193328330644944 0.04193328330644944 0.05636331513819549 0.07046900547505837 0.08968930558874433 0.10284097404476134 0.1230639681750848 0.19081909317532178 0.8805070218707067
208 2080 0.0429994542242098 0.9099345016701671 0.04274235983747906 0.04274235983747906 0.05649573451280072 0.06902831948512839 0.08984874623652396 0.10039366751401839 0.12028896141668687 0.19898024226168107 0.9099345016701671
209 2090 0.04291475224902153 0.864404109416605 0.041714206635126726 0.041714206635126726 0.05766740126632869 0.06823378529262623 0.09051223455461173 0.09921520180832545 0.12071301125770723 0.1952617134501991 0.864404109416605
210 2100 0.04999211746790882 0.8856265575864519 0.04230829208789256 0.04230829208789256 0.05776868046365952 0.06627136049827827 0.08704138347792162 0.09634123529928229 0.11974004939218842 0.19258642813698207 0.8856265575864519
211 2110 0.05290943414143132 0.9272387102540277 0.04220381265077051 0.04220381265077051 0.059066017734620155 0.06803771755803278 0.08369688564190461 0.0941124698794767 0.12339815789415161 0.19649690335132036 0.9272387102540277
212 2120 0.05253261418767839 0.9202232810049357 0.04174601832339491 0.04174601832339491 0.059359664813463685 0.0681478673514792 0.07846967872353959 0.0941939696800933 0.12097498607067798 0.19402151575144672 0.9202232810049357
213 2130 0.055492725150404904 0.8986703353036368 0.041283532535886625 0.041283532535886625 0.059806795624318974 0.06798900609253682 0.08081437680314599 0.09141606380484987 0.1230281800867561 0.18814050542025118 0.8986703353036368
214 2140 0.05755989350087216 0.9094274886907925 0.03972537433959693 0.03972537433959693 0.059667104346427545 0.06481553654913426 0.07889482914897364 0.09236154711934734 0.12311687963038168 0.2014680026298699 0.9094274886907925
215 2150 0.059279566119446896 0.9596262404310668 0.039352100303925594 0.039352100303925594 0.05850230810219594 0.06403089974364508 0.07828700820890301 0.09237757777550304 0.11956414488165935 0.19176410326276444 0.9596262404310668
216 2160 0.06321120474480385 0.9561334734328051 0.03929732761269899 0.03929732761269899 0.05395836381978029 0.0639482130631214 0.07738512701221874 0.09260162524702396 0.11601481461052972 0.19783582234910324 0.9561334734328051
217 2170 0.06050499787378888 0.971142902806269 0.03816645785352514 0.03816645785352514 0.05368229235303767 0.06446404646917142 0.07420950774620029 0.09146742831988658 0.11344241185405321 0.21137482842370323 0.971142902806269
218 2180 0.06472398583586797 0.9586870875610741 0.03831957990294485 0.03831957990294485 0.05358768962869415 0.06216106348573654 0.07351953089421848 0.08849219723030385 0.11075834801683664 0.21220980676308193 0.9586870875610741
219 2190 0.061804162629967005 0.9517433225296092 0.037705097833378234 0.037705097833378234 0.05549853966122036 0.06064122499241658 0.07233051235070795 0.09054659181112443 0.10923460008152852 0.20974658423232606 0.9517433225296092
220 2200 0.06011569752910992 0.9573528315240027 0.038019676864441763 0.038019676864441763 0.054574583376521456 0.05898090254248647 0.07341582305511923 0.08757343020909034 0.10435956627543651 0.20881611464436933 0.9573528315240027
221 2210 0.05894574559847888 0.9222632316178445 0.03907463372239855 0.03907463372239855 0.053955628588544115 0.05957249166998937 0.07304469437645379 0.08595604805985754 0.10356536270247557 0.19900161499954672 0.9222632316178445
222 2220 0.05611630958033912 0.8753084298220629 0.03905294706602128 0.03905294706602128 0.053596829622090086 0.05871725469203187 0.07119807441540145 0.08414016264397708 0.1063740496388537 0.19578560415248525 0.8753084298220629
223 2230 0.054247986971844006 0.874811983274147 0.038945682891380555 0.038945682891380555 0.053052184112529696 0.05747645763223058 0.07159076607623524 0.0851187313657004 0.10277583270038677 0.18768441896280055 0.874811983274147
224 2240 0.052730788197874606 0.863761114478123 0.037910349650096785 0.037910349650096785 0.052605511023789846 0.05744100450752302 0.07177960818598648 0.08770069132890332 0.09930391484685704 0.18609232555015232 0.863761114478123
225 2250 0.05071084389089796 0.897187221497204 0.0381211008719729 0.0381211008719729 0.05173895929829221 0.05611359108003729 0.06898266493773438 0.08697329512811117 0.0980460188912862 0.18485606410635227 0.897187221497204
226 2260 0.04543281344223265 0.888084392122955 0.03867337541540613 0.03867337541540613 0.05294052287740492 0.057283931933536356 0.06666327981354807 0.08276051448292643 0.09728389538052354 0.17796482323398854 0.888084392122955
227 2270 0.043863051424436535 0.8887807858044274 0.03749987175971794 0.03749987175971794 0.05354029891813857 0.05718886775939864 0.06176298513789028 0.08139385632010425 0.09672923397739222 0.17597915665566666 0.8887807858044274
228 2280 0.040009220750760806 0.8568115984984036 0.037885980196221296 0.037885980196221296 0.050784178809551515 0.0581174348154986 0.06135091254215579 0.08057482695523946 0.09489294852820071 0.18345935495569266 0.8568115984984036
229 2290 0.03570850994144893 0.8088332796520044 0.03737895192085071 0.03737895192085071 0.0505351697898917 0.05717962007080758 0.06328174590095366 0.08006886120266223 0.09177404549800665 0.17941463916774242 0.8088332796520044
230 2300 0.034716133591395214 0.8023242162852784 0.037020325908602436 0.037020325908602436 0.049228288485853436 0.05467620740231345 0.06273312813027707 0.08126617517234545 0.09112297565686792 0.17278341200776723 0.8023242162852784
231 2310 0.03353582368857198 0.7591817685872634 0.036531288319226925 0.036531288319226925 0.04897447533068686 0.05714803229727653 0.062386601602800074 0.08041749598387651 0.09078319183035748 0.16765149705177232 0.7591817685872634
232 2320 0.03400158223022177 0.7430265070934148 0.03544479350861961 0.03544479350861961 0.04913312597923167 0.055874544361365096 0.06250487154537257 0.08013904921279712 0.09070968726999573 0.16635321652376503 0.7430265070934148
233 2330 0.03573436746582196 0.7398807556215825 0.0352499389114302 0.0352499389114302 0.048059753920047375 0.05675454704067447 0.06182608388916714 0.07708466949720282 0.09083494066058895 0.1649865264969268 0.7398807556215825
234 2340 0.03877413609317598 0.7749888310118895 0.03512643077426563 0.03512643077426563 0.04595715485246275 0.0559376434732611 0.06144683295373363 0.07588784659229299 0.09135091252905023 0.16348355532552827 0.7749888310118895
235 2350 0.04165265384544653 0.8220077833442999 0.03517479566197087 0.03517479566197087 0.045680331085901305 0.052416301946002705 0.061529395648672575 0.07264416893580647 0.08990237303041196 0.17238131267761508 0.8220077833442999
236 2360 0.045272355292135795 0.8354713266386596 0.035077699745976555 0.035077699745976555 0.04546023774749407 0.05169020419713439 0.062159605193489384 0.07082388231693475 0.08970496600241895 0.1662563071768175 0.8354713266386596
237 2370 0.04625281728277339 0.8310081330249273 0.03400603965002486 0.03400603965002486 0.044939645138026243 0.05150363504449695 0.060045516944337504 0.07202789271797266 0.09876650331706674 0.1654495501448828 0.8310081330249273
238 2380 0.045281028483660106 0.801967743538069 0.034075070695837976 0.034075070695837976 0.042846861382253514 0.05206244047452111 0.05828004214483309 0.07280923884267411 0.09997713491638964 0.16335806868993485 0.801967743538069
239 2390 0.04481005696570606 0.8187517031793922 0.03392768470392399 0.03392768470392399 0.04122424935153509 0.05119353246567451 0.056634462259895435 0.07209499601390666 0.10005696498011948 0.16076975225345053 0.8187517031793922
240 2400 0.04783544500416982 0.793650976210576 0.0337869421097912 0.0337869421097912 0.041861468634583204 0.050740914386691115 0.055885961074374504 0.07586406109428731 0.10078775716693317 0.15484869485182168 0.793650976210576
241 2410 0.04613108401286792 0.7763680247245427 0.033868126197684985 0.033868126197684985 0.041085114484245566 0.05015574465218706 0.05673055858465668 0.07519289849803824 0.10603187154694646 0.15460042374160776 0.7763680247245427
242 2420 0.04320790105678127 0.7708176478778238 0.033324633414342386 0.033324633414342386 0.041200552605350396 0.050270870074717706 0.054511608350039834 0.07426709988789257 0.10353216974869404 0.1524187774423707 0.7708176478778238
243 2430 0.040124744458918234 0.7668675385472506 0.03316496213255978 0.03316496213255978 0.03987522482877121 0.04978770860775917 0.05482550377164501 0.074249654188115 0.09822321630605708 0.14293581821608056 0.7668675385472506
244 2440 0.03751113661442908 0.7691768166792442 0.03251373570148556 0.03251373570148556 0.038397596710477336 0.04857233129298757 0.05560959020235644 0.0725343971509647 0.0962226419693931 0.1372969313235056 0.7691768166792442
245 2450 0.031875349353343026 0.7677395962280485 0.03245459924283788 0.03245459924283788 0.03721797125190936 0.04830856696592496 0.053353696498624543 0.07084908881736786 0.09622415990714776 0.13605637075551175 0.7677395962280485
246 2460 0.030961744219490633 0.7729306802197191 0.031163160057351914 0.031163160057351914 0.036231850841850974 0.04703720551489081 0.052207553484834614 0.06854193907377415 0.09476312894534404 0.13522136685479078 0.7729306802197191
247 2470 0.03258988180841595 0.7685364760527015 0.031211556104219655 0.031211556104219655 0.03578281725137384 0.046098252087905064 0.05129595646518689 0.06716951350028873 0.09603282733798994 0.13111127814581547 0.7685364760527015
248 2480 0.039181229474938545 0.7847164342608135 0.030890817609801648 0.030890817609801648 0.034261441966839404 0.047595048030905314 0.051034488913759675 0.06687620560528056 0.0941632187583421 0.13065050515875803 0.7847164342608135
249 2490 0.042203671166017594 0.8329583496851034 0.030450796518100006 0.030450796518100006 0.03467971525943273 0.0470832996244442 0.050890387863623154 0.06403270590305919 0.09061522080651377 0.13224371085002468 0.8329583496851034
250 2500 0.04479052251892212 0.8292991723185238 0.0297786114226695 0.0297786114226695 0.03567081823536207 0.045097829157474754 0.04961525580387567 0.06365375493657367 0.08787050476254653 0.12894084938253056 0.8292991723185238
251 2510 0.0465722848398122 0.8770005489736107 0.028867758481900235 0.028867758481900235 0.035587121714771686 0.04394684645399416 0.0500705815486281 0.06446922731263179 0.08633762585418517 0.12442349518315098 0.8770005489736107
252 2520 0.0451200739427896 0.8758691954221718 0.0283280408241078 0.0283280408241078 0.036207741819437825 0.043072193183230315 0.05049328125581665 0.06470465689117542 0.0847496964979115 0.1209896795152699 0.8758691954221718
253 2530 0.05105261546164083 0.8789412475231948 0.027982481025435185 0.027982481025435185 0.035968336087070334 0.042040618129805855 0.049724734253802694 0.06406515439675182 0.08147920836704689 0.11769947156476815 0.8789412475231948
254 2540 0.04594168531775235 0.9435109130784597 0.02783403646775611 0.02783403646775611 0.03469765468142022 0.043017612007787344 0.05108149205266363 0.06052227806288261 0.08205452242526569 0.11173355700725195 0.9435109130784597
255 2550 0.04110796875227311 0.9699773635065307 0.027543068799604553 0.027543068799604553 0.03369512692451153 0.041925449402864405 0.05038839870905478 0.05912300911576085 0.08094668867747014 0.10757299351466097 0.9699773635065307
256 2560 0.03788836018109872 0.967595559952049 0.027275339879047313 0.027275339879047313 0.032389465565451046 0.04154132457507295 0.04819916442281581 0.05833369112526551 0.07962955902530082 0.10391079479065168 0.967595559952049
257 2570 0.03525738563945196 0.9650938534500791 0.02704377901559658 0.02704377901559658 0.030829756453488788 0.04114116157542888 0.04679480073039358 0.0579625699438111 0.07962105786570979 0.10265190759848156 0.9650938534500791
258 2580 0.033348271041612615 0.9378568752393381 0.026994087734618307 0.026994087734618307 0.03076845652365324 0.04090033286077588 0.04456941680157265 0.060726010633013625 0.07673871834059674 0.09786019286148741 0.9378568752393381
259 2590 0.03164783712311052 0.9395928018104807 0.02705854564399902 0.02705854564399902 0.031507417878184826 0.039296218195601626 0.043654420164078445 0.06021407637156918 0.07461576263708909 0.09573796641291696 0.9395928018104807
260 2600 0.03234556660140802 0.9377465532321597 0.026215581198275186 0.026215581198275186 0.030538296906786718 0.03826429903736685 0.043705215135493254 0.05921885562250117 0.07594208655534421 0.09471407056667161 0.9377465532321597
261 2610 0.032990735131151624 0.9668166646518891 0.025742806572883702 0.025742806572883702 0.03183727544049413 0.03801304123468057 0.04273854608625027 0.05740222991011643 0.07460718625678993 0.09291197793349928 0.9668166646518891
262 2620 0.03536866848858823 0.9927874007867042 0.025445959219618428 0.025445959219618428 0.03172852161914326 0.03694840108384851 0.04234879782329264 0.060324027351558854 0.07374784646059995 0.09188043042947625 0.9927874007867042
263 2630 0.03643014861270977 0.9831193743881603 0.02500520320204802 0.02500520320204802 0.033411740014645745 0.03645380258487786 0.04261936863481066 0.05944877332944068 0.07154549214456574 0.09221766357877585 0.9831193743881603
264 2640 0.032981750117244 1.0041847324188582 0.024620792600863806 0.024620792600863806 0.03266252450638032 0.036473913264141726 0.04079810656114418 0.05797215827147995 0.07184520165479112 0.0921418135831973 1.0041847324188582
265 2650 0.03205180259540465 1.0252586741039484 0.024389722198714874 0.024389722198714874 0.03130248606521747 0.03566595129820158 0.03894188803587187 0.05674072234368436 0.07112787604830402 0.09160633878543799 1.0252586741039484
266 2660 0.030481325930746227 1.034241751072318 0.025516965459808152 0.025516965459808152 0.031330999414896844 0.03506278210175844 0.03827632588526085 0.054925847132231434 0.06880328111385928 0.08856622493566088 1.034241751072318
267 2670 0.02742244949484061 1.0408853113164709 0.02558407148648171 0.02558407148648171 0.029864270921263227 0.034717478651272074 0.037986592713717515 0.0527636503752156 0.06737950421700928 0.087711099112554 1.0408853113164709
268 2680 0.026472141091490587 1.0275036174366607 0.025184637935900096 0.025184637935900096 0.029432891020187535 0.03337619429936634 0.03713311665678054 0.05175745792420834 0.0646830487404633 0.0867780567747795 1.0275036174366607
269 2690 0.02391628739210623 1.0311735802185347 0.024022311527603646 0.024022311527603646 0.02834758126339869 0.033267712875285675 0.037521603089107 0.05169402645135886 0.06498313251104121 0.08523777010594674 1.0311735802185347
270 2700 0.023535340000303284 1.0431329783693635 0.024290976819761185 0.024290976819761185 0.02729448914569494 0.03212835288534553 0.03573707069688079 0.051532389511525105 0.06467814604755731 0.08489157663375729 1.0431329783693635
271 2710 0.024740463136057832 1.0426757988743962 0.024154993375668957 0.024154993375668957 0.02718532630864237 0.03108375922452924 0.03658415466984245 0.05114204411464908 0.06346884055646103 0.08320520791118897 1.0426757988743962
272 2720 0.02562689955648567 1.0561630873703014 0.023015101177494664 0.023015101177494664 0.02704351001239032 0.0318129014326148 0.03547239197790694 0.0503101976965696 0.06497953675770139 0.08213813444048731 1.0561630873703014
273 2730 0.024968349969492966 1.0590225474007833 0.023088651877615326 0.023088651877615326 0.027322260037693176 0.032233789527386925 0.03555387680527431 0.04978379424357047 0.06104512354024946 0.08025530473614653 1.0590225474007833
274 2740 0.023783776028883236 1.047167357841076 0.02295647048188186 0.02295647048188186 0.027235716990420263 0.032232295411372826 0.035686857858727515 0.045332966477854376 0.05997581201095731 0.08009763952629191 1.047167357841076
275 2750 0.021956948152613964 1.0703450946766642 0.02226296733970339 0.02226296733970339 0.026967331045848857 0.031478266771982136 0.033887944204212594 0.04517774427754468 0.061388571578574865 0.0789300458142081 1.0703450946766642
276 2760 0.019853032287304676 1.066391191593792 0.022466530002532945 0.022466530002532945 0.02676582570842936 0.030485792439471596 0.033443327650797175 0.04460685722404832 0.05859504423663735 0.07887771059514424 1.066391191593792
277 2770 0.01986494865305335 1.0393243697435932 0.02218377717643426 0.02218377717643426 0.02635521322170359 0.030306833183934807 0.0333863990132833 0.0434766404776659 0.05811508005225584 0.0771649144959744 1.0393243697435932
278 2780 0.02051037427114085 1.1065846198621279 0.021142705037462333 0.021142705037462333 0.026503657228455657 0.03016975116994861 0.033748609828837026 0.041225693720560945 0.058406059477803834 0.07587781788361159 1.1065846198621279
279 2790 0.021598729439023454 1.1252566651321163 0.02045661500058387 0.02045661500058387 0.026271046025220828 0.029856740325500536 0.034485072571072244 0.042012319699886995 0.05831879714003106 0.07438130761856736 1.1252566651321163
280 2800 0.020430894962905333 1.1156301632006287 0.02034354038835742 0.02034354038835742 0.026292967148729703 0.029560477236729443 0.034788427580875136 0.04146566801650677 0.0565230334867793 0.07543724868871542 1.1156301632006287
281 2810 0.019815835603473827 1.0915739126188402 0.020095797768877655 0.020095797768877655 0.02571884951220376 0.02870154791239087 0.035330473451194354 0.04064831079644866 0.054550619125789034 0.07489015824916699 1.0915739126188402
282 2820 0.01939844684853697 1.0683292041932588 0.019434572253075166 0.019434572253075166 0.025447307574591422 0.029208337675616435 0.033807088993201034 0.040570888997109505 0.053645988065993966 0.07430928139711734 1.0683292041932588
283 2830 0.016400350682613658 1.0539705388029248 0.019915716041613893 0.019915716041613893 0.0252818552507925 0.028502227061271767 0.03319383399146262 0.040746229027242634 0.05070004689594575 0.07427436096211723 1.0539705388029248
284 2840 0.015715404471732402 1.020969783283289 0.019575073293206877 0.019575073293206877 0.02503622276548813 0.028432640214313108 0.031675999557809566 0.04079050179404228 0.04962268214556401 0.0728471971024922 1.020969783283289
285 2850 0.01402599845661596 0.9746227685871349 0.01922387820742981 0.01922387820742981 0.02459537877847268 0.028652230284496254 0.03136019215176537 0.0401883954685776 0.049293270740194524 0.076095015784429 0.9746227685871349
286 2860 0.012836891978426886 0.9663199631611369 0.019239074254314686 0.019239074254314686 0.02380760724411082 0.028894412137504412 0.03125009693319199 0.039349924317197436 0.04698715410728385 0.07567692719222273 0.9663199631611369
287 2870 0.011201823168489044 0.9352146221003923 0.019188038889254275 0.019188038889254275 0.023985520297299237 0.027322486472705923 0.03077676401510055 0.038851901389698636 0.04617274297445874 0.07533575477216102 0.9352146221003923
288 2880 0.010786359909973103 0.9265202543997345 0.01933423404338579 0.01933423404338579 0.023616731795544976 0.02674488267736406 0.030531108936763234 0.036358773154498376 0.045163274745567396 0.0750943833681386 0.9265202543997345
289 2890 0.009869087094439104 0.9151760628804758 0.018861851175022416 0.018861851175022416 0.023020666810700943 0.02689716965930522 0.029534689430595455 0.03695951631303153 0.04509713153038985 0.07383527506793121 0.9151760628804758
290 2900 0.009302967279202164 0.924794091820778 0.018311097025189193 0.018311097025189193 0.02213920245565824 0.027193944651917785 0.029843410116908074 0.03608134677199774 0.04242394935603471 0.07367766199754801 0.924794091820778
291 2910 0.008210190009358383 0.893017392235397 0.01859902297443578 0.01859902297443578 0.021829128956400216 0.02658816263185558 0.02989735210428164 0.036216274154871865 0.040674933485031955 0.07126309290567019 0.893017392235397
292 2920 0.007281170312771228 0.8892832868881421 0.017999947678927177 0.017999947678927177 0.021723144774688986 0.025552073618643915 0.030065380378978726 0.036235612193218684 0.03958535359499773 0.06755333071491529 0.8892832868881421
293 2930 0.0067378595533547645 0.8879213926756117 0.017922010271972957 0.017922010271972957 0.021934345757812824 0.025949419046399455 0.029819976507953812 0.03491008954708956 0.03754590657905177 0.06459638415801383 0.8879213926756117
294 2940 0.006353492056736846 0.895512280415134 0.017729842655269723 0.017729842655269723 0.02033883895984241 0.026138708477219993 0.029116045503475088 0.03488938071271754 0.03734214583289204 0.06410153218373396 0.895512280415134
295 2950 0.005697189417516869 0.9219916529436727 0.017546746188384334 0.017546746188384334 0.019942688403168016 0.025497955870621564 0.028702980764479885 0.03365411373449786 0.03633811618345326 0.06209195981513098 0.9219916529436727
296 2960 0.005066358920801301 0.9240892805024469 0.01776808436765822 0.01776808436765822 0.020292791985057842 0.02413619522669658 0.028095053261950404 0.03271858827270737 0.03538580559325315 0.05986936629548963 0.9240892805024469
297 2970 0.004130210320181548 0.9073493145986337 0.01734117651622867 0.01734117651622867 0.019316908675817753 0.02443134700097141 0.02790948979816896 0.031541848965688526 0.03599829159387329 0.058004254601140205 0.9073493145986337
298 2980 0.003911611745507182 0.8832287441613413 0.017212935403594323 0.017212935403594323 0.01932456828197532 0.023523026706899156 0.026988815708362507 0.030781006394608974 0.03469588230040072 0.057863539125470584 0.8832287441613413
299 2990 0.0037866500256539975 0.8447049642031649 0.016017373508384853 0.016017373508384853 0.01889431623378833 0.023223979446922696 0.02736349804863917 0.030967087057139988 0.03494198635241644 0.05785248831043479 0.8447049642031649
300 3000 0.0035342637966496136 0.8550173617017223 0.015882161108770408 0.015882161108770408 0.017857109898181966 0.02250549361229978 0.027464655017524632 0.0316895154777479 0.03500366009594576 0.05515026274735041 0.8550173617017223
301 3010 0.003295716775968735 0.8183032943354445 0.01549451156172713 0.01549451156172713 0.017654363892878566 0.022961396753441672 0.02645940840404248 0.032358130540718726 0.03423318931313043 0.056716536179695964 0.8183032943354445
302 3020 0.00307623628345656 0.8198694574345865 0.015071891643855998 0.015071891643855998 0.017593344119916053 0.022693653949900857 0.025661586576439046 0.03197190561042507 0.03377012424997465 0.05483079894300888 0.8198694574345865
303 3030 0.002978525270662705 0.825952928888389 0.014807258512157619 0.014807258512157619 0.01679636770119257 0.021906012404496966 0.024369596873001814 0.03182403981903178 0.034427517636839405 0.05458140043640924 0.825952928888389
304 3040 0.0028072920613008887 0.832341040208046 0.014881179077905165 0.014881179077905165 0.016269413283680614 0.02129851485298069 0.023917101241907865 0.03104374407000125 0.034289472359303595 0.053853232880646494 0.832341040208046
305 3050 0.002508675717088728 0.8138739926726593 0.014780684225931087 0.014780684225931087 0.016150509387269134 0.02042449044110326 0.023953516213752676 0.02979977656136602 0.03421757006139644 0.05384717667578731 0.8138739926726593
306 3060 0.0022819886901157965 0.8043414215654006 0.015017183286289214 0.015017183286289214 0.016116638804585918 0.019254130041115765 0.02371782585620625 0.029132302866103684 0.033488655748193624 0.051165521302672844 0.8043414215654006
307 3070 0.0018941033307691662 0.7945998978234443 0.015164042545183299 0.015164042545183299 0.015982333967664592 0.01878943738153355 0.023175320628568054 0.02826731761424615 0.032779775505031056 0.05186710933996856 0.7945998978234443
308 3080 0.0016062320053601812 0.7853698916026783 0.015130164648740443 0.015130164648740443 0.015648627089665457 0.018025018349135724 0.023038160336874877 0.027240134735557628 0.031794047605523026 0.050378529560764 0.7853698916026783
309 3090 0.0014111653554533502 0.7537688189185484 0.014251203046550812 0.014251203046550812 0.015555814575213147 0.017661794670119437 0.02259712429156162 0.026767126286798067 0.03107536930510523 0.05068758180008642 0.7537688189185484
310 3100 0.0012330635074318853 0.7530726170697353 0.014385581509332794 0.014385581509332794 0.015144288936069375 0.01730907629530379 0.02200089946555635 0.026649314460506807 0.02913350737173126 0.05089441875660226 0.7530726170697353
311 3110 0.0012131588389007106 0.7462349127829544 0.014030793974968337 0.014030793974968337 0.014997485171898674 0.017466502775757932 0.020739167646533746 0.026154741996607195 0.028332198233369642 0.050385607742634356 0.7462349127829544
312 3120 0.0011263387075475815 0.7283094725027536 0.014292768628496624 0.014292768628496624 0.015335864425565435 0.017062298715446626 0.02172906298986869 0.02497558300441516 0.02782792440529007 0.0505409782956478 0.7283094725027536
313 3130 0.0009658534087202564 0.683674127501666 0.014247201039378527 0.014247201039378527 0.015303174064514168 0.017128151678524852 0.021591294644389723 0.023872375694724654 0.028195855029916575 0.04917302854819697 0.683674127501666
314 3140 0.0008727977636961042 0.6704044189384083 0.01373757584744886 0.01373757584744886 0.015124020399116563 0.017122975863790413 0.020485541895093735 0.023534647244712187 0.02751737716083089 0.04838112647288741 0.6704044189384083
315 3150 0.0008098476629238155 0.6720733302070869 0.013717006077828003 0.013717006077828003 0.015345020372708792 0.016781475212840315 0.019501175830909892 0.024262656873298878 0.02575156796347333 0.04744131984858366 0.6720733302070869
316 3160 0.0007900458227862774 0.6641773124260058 0.013494712183405458 0.013494712183405458 0.01473226221668551 0.016665400784816133 0.019417778085733882 0.02454044881676002 0.026338190298004265 0.044444571910807695 0.6641773124260058
317 3170 0.0006897904767048287 0.6849579756049322 0.01274870635826858 0.01274870635826858 0.014463036491443333 0.01671101284795825 0.019590501866064126 0.023607642186844215 0.02620232454224593 0.04489272539348178 0.6849579756049322
318 3180 0.0006713903516585209 0.6744308792187622 0.012681476960361718 0.012681476960361718 0.014524314288855132 0.016606010582057282 0.019128791739370005 0.021853635384702995 0.025522226487283067 0.04437546987175873 0.6744308792187622
319 3190 0.0006341565067078031 0.643196585708228 0.012479029322332417 0.012479029322332417 0.01404349748668967 0.016273021508964508 0.01927041197398992 0.022873869419933492 0.024530920100117815 0.04454325103655418 0.643196585708228
320 3200 0.0005392013477869716 0.6313511039782594 0.012591857732485131 0.012591857732485131 0.013695646958273031 0.016336125406797693 0.018924700094709365 0.02214792423437648 0.024325226653533524 0.043701957778468685 0.6313511039782594
321 3210 0.0004971778615003889 0.6275448914629842 0.012600320556769566 0.012600320556769566 0.013204090265720203 0.016073906501425823 0.01869734821744402 0.02171719363146541 0.023624015289133393 0.04277529295896946 0.6275448914629842
322 3220 0.0004511289859601669 0.6218678571159072 0.012668762978948053 0.012668762978948053 0.01298505973251386 0.015422138435006609 0.018178399507091225 0.021637630057111123 0.02397322542818319 0.04198824190187333 0.6218678571159072
323 3230 0.00043648558398325007 0.6091056419078837 0.01280792665649894 0.01280792665649894 0.01297720967359453 0.01462090422998137 0.01741008013569574 0.021392200203238492 0.02397444437528821 0.041271985389187756 0.6091056419078837
324 3240 0.0004198664536819285 0.6041865632491618 0.012876734963119155 0.012876734963119155 0.01341710470005742 0.014792300420366172 0.016756260954569467 0.02097173940465323 0.024251509040432342 0.03851068129626067 0.6041865632491618
325 3250 0.0004204488963497734 0.5949093509978648 0.013284077571350484 0.013284077571350484 0.013487128244770882 0.014497040996588061 0.01656851412153721 0.02121635322475239 0.02429282014031335 0.03609854541743219 0.5949093509978648
326 3260 0.00044517245046260854 0.5874559587837614 0.013279019814779101 0.013279019814779101 0.013657632893945316 0.014420507013609423 0.01651391165715636 0.020638365689542738 0.02357968591452289 0.0357817301510047 0.5874559587837614
327 3270 0.0004499562995111225 0.6037304860329503 0.012600554503399041 0.012600554503399041 0.01361886768247881 0.014370042984307824 0.01645660890337514 0.020619489250314624 0.023509672193772757 0.03705040225780112 0.6037304860329503
328 3280 0.00044012420404593316 0.6185128375957706 0.012220028237819851 0.012220028237819851 0.013201984631605657 0.014582521444868273 0.016656731549419514 0.020479867716027108 0.022244372716966204 0.037566084047366825 0.6185128375957706
329 3290 0.0004534493391912914 0.6003258098228678 0.011529110510781817 0.011529110510781817 0.013195816010258498 0.014689646653247918 0.01646594911769477 0.020373402463955286 0.022541458355407003 0.03796804895487326 0.6003258098228678
330 3300 0.00041689113645939984 0.5966233381025803 0.012060201628151732 0.012060201628151732 0.012779288590339328 0.014798425722181437 0.016423641103692196 0.019800202934989894 0.02278488584308703 0.03647936421073352 0.5966233381025803
331 3310 0.00036452693490753165 0.5882001273241725 0.011463187533750117 0.011463187533750117 0.012822064515999626 0.014713688645933648 0.015969389539813056 0.020505622020876184 0.02297451879508646 0.034616581455870814 0.5882001273241725
332 3320 0.00033289411611878904 0.5806331276629317 0.01150133023780921 0.01150133023780921 0.012466053216919393 0.01422712271123455 0.01568771894902472 0.019669191663157774 0.022498951287016938 0.03448018026948551 0.5806331276629317
333 3330 0.0002966144860850603 0.5771930782062779 0.010970978357654003 0.010970978357654003 0.011953910477918241 0.014426361949649576 0.015753388154539312 0.019109188556210237 0.02174695413390555 0.03471621677352395 0.5771930782062779
334 3340 0.0002678470638787195 0.56874873622706 0.011094942595348626 0.011094942595348626 0.011391439370505317 0.014579669081694143 0.01554485538869932 0.018398774495083814 0.021541573947294272 0.03407577567373857 0.56874873622706
335 3350 0.0002496518721886858 0.5556539011215506 0.011128802949685648 0.011128802949685648 0.01145095645393408 0.014186738022211133 0.015516883754448292 0.01819011230600158 0.02082397552459647 0.03292835856427307 0.5556539011215506
336 3360 0.0002137493266869439 0.5349986033485365 0.010695624203248452 0.010695624203248452 0.011372244500170908 0.01420546863552909 0.015503674938363984 0.01823548069981 0.020846953662492094 0.03262554780777178 0.5349986033485365
337 3370 0.0001947126069919547 0.5307321771665564 0.01040737519410147 0.01040737519410147 0.011139881166421062 0.013629588817756498 0.015590546537464382 0.018243039084660007 0.020219913361869086 0.032469106305619305 0.5307321771665564
338 3380 0.00018280792357890083 0.5272729183455102 0.00987072018901231 0.00987072018901231 0.011105006406102189 0.013476910077384581 0.014934661671674367 0.018161146523088704 0.0200654425303514 0.03220968163859543 0.5272729183455102
339 3390 0.0001604267745777863 0.5005397082730602 0.009905789659953895 0.009905789659953895 0.011100528556881836 0.01330387187600886 0.014737548684240435 0.017971771528528597 0.019360471697690045 0.031063229609350016 0.5005397082730602
340 3400 0.00014816872020418054 0.4773095941857156 0.009963879908379302 0.009963879908379302 0.011007797407490638 0.01283802498520912 0.014510127009633363 0.017665035515756464 0.01971886252459151 0.030538208431062783 0.4773095941857156
341 3410 0.00012913766311117289 0.4761598610277398 0.009744258930634771 0.009744258930634771 0.010794997467954998 0.012297447022031392 0.015080377658572251 0.017104533652892984 0.01931179883441699 0.02984223221410983 0.4761598610277398
342 3420 0.00011407373939517831 0.4687553601848021 0.009525601803322287 0.009525601803322287 0.01075635514369568 0.011953899404814974 0.01527682553459617 0.016824893920698556 0.018777606330334533 0.029599369565795636 0.4687553601848021
343 3430 0.00010178327306897013 0.4662900471546383 0.009379371211507923 0.009379371211507923 0.010816527499380177 0.01141030223941445 0.014872319525193042 0.016898691468613024 0.01808375104527266 0.029574602353744345 0.4662900471546383
344 3440 9.168428568249219e-05 0.4577593279121494 0.009518369549694629 0.009518369549694629 0.010845050469159708 0.011316825760732114 0.013588392521237256 0.016467896569719316 0.01801317459771018 0.02894451333450328 0.4577593279121494
345 3450 8.663452351999584e-05 0.4493049026596222 0.00947849808467662 0.00947849808467662 0.010752246114173606 0.010953280761120994 0.01317746450344869 0.016977543970341284 0.01713199174386279 0.02874173694454842 0.4493049026596222
346 3460 7.593090677416739e-05 0.46819593204493337 0.009381503298191648 0.009381503298191648 0.010366702667073997 0.010721159258328238 0.012298665233876028 0.016754016145043286 0.017322889034881755 0.028654016812190996 0.46819593204493337
347 3470 6.466276568909459e-05 0.46625396301436506 0.00908812007816812 0.00908812007816812 0.010061292107503693 0.010652552789906868 0.011707917928145038 0.01667857334514845 0.01739925963477583 0.02801925845646111 0.46625396301436506
348 3480 6.294595644016507e-05 0.4464586265903315 0.008736476507278072 0.008736476507278072 0.010159133506659486 0.010768344325458121 0.011556532767925112 0.016475105896331867 0.016779248447257276 0.027631927588054835 0.4464586265903315
349 3490 6.502868864330558e-05 0.44734811442452427 0.008608227826642709 0.008608227826642709 0.00962589536340946 0.010249152382524732 0.011689165712910695 0.016293252763328343 0.01729529031808683 0.02732424021653858 0.44734811442452427
350 3500 6.052818867329219e-05 0.459195866000164 0.0085901862665032 0.0085901862665032 0.009122697150279082 0.01022588720451141 0.011550903151409265 0.015908205434877382 0.017904623059527586 0.026697116053613155 0.459195866000164
351 3510 5.516238430900374e-05 0.4551895814782596 0.008462204926774335 0.008462204926774335 0.00932600512202105 0.010219472862644243 0.011318613550770662 0.014586101082401697 0.017614763908913946 0.026557171151153237 0.4551895814782596
352 3520 5.313497999521948e-05 0.45807032989974894 0.008296624001750885 0.008296624001750885 0.009248438633664648 0.010145397356873002 0.011309264160798041 0.014229075619304511 0.0165139085133049 0.026302323673957625 0.45807032989974894
353 3530 4.95834709003405e-05 0.4431291008826535 0.007922774628894938 0.007922774628894938 0.009169914327309844 0.010040091778276793 0.011746752091215826 0.014429177896082456 0.0166177821738862 0.026057441992828802 0.4431291008826535
354 3540 4.682873731989163e-05 0.4316509857366716 0.007896414471740243 0.007896414471740243 0.009050335873947785 0.009682939871411111 0.011791596309099667 0.014111049381180157 0.016530071303767813 0.025842371352599286 0.4316509857366716
355 3550 4.21536656032163e-05 0.44605284911554643 0.007991401363283385 0.007991401363283385 0.008991856320769018 0.009701324501272018 0.011609944910006593 0.013678856939665909 0.015908000392234768 0.024022363275518814 0.44605284911554643
356 3560 3.871645777181748e-05 0.44992682508001 0.007848858769892367 0.007848858769892367 0.008791182044659788 0.009411151491524961 0.011324313606718596 0.013545339468244284 0.015891460130670092 0.023419583451767794 0.44992682508001
357 3570 3.5639964394372935e-05 0.44139078775785895 0.007638771580568262 0.007638771580568262 0.00842969416349914 0.009610773510750112 0.01128172482585579 0.013784827416857251 0.01538455122539114 0.02249063121142402 0.44139078775785895
358 3580 3.417204262683932e-05 0.43556310982902857 0.007390063717039881 0.007390063717039881 0.00856942003642304 0.009506809006170718 0.011349510201261768 0.013042537895777506 0.01513084785844883 0.021935265517059082 0.43556310982902857
359 3590 3.0747550298274494e-05 0.41435488066938825 0.0073872613448685955 0.0073872613448685955 0.00837460471734358 0.009883412052194047 0.010957224997694342 0.012545427394120142 0.015155905870785018 0.021744058035819292 0.41435488066938825
360 3600 3.082474866555191e-05 0.41219061440220783 0.007057453282091033 0.007057453282091033 0.008446963147613454 0.009702740329661504 0.010389681832992966 0.01241361368280793 0.015225498427920802 0.021531885158071355 0.41219061440220783
361 3610 3.194745082923566e-05 0.41317672041188935 0.007286538465874379 0.007286538465874379 0.008371035002319196 0.009257303892065798 0.010271735696832134 0.012555504374828764 0.014605195188343344 0.021327456396219573 0.41317672041188935
362 3620 3.0446410667377192e-05 0.4011662292574335 0.007260077594854725 0.007260077594854725 0.008089289032005002 0.009228111827737735 0.010195976619074672 0.01258191546147077 0.015038988041380154 0.021113633102386488 0.4011662292574335
363 3630 2.9588667311079714e-05 0.40445824032589683 0.007091133642878022 0.007091133642878022 0.007984684430895977 0.009110833474635423 0.010134170614162668 0.012657425724408915 0.014285577742102443 0.02148969077077265 0.40445824032589683
364 3640 2.6872100279749934e-05 0.38880454727083463 0.006906992072862313 0.006906992072862313 0.008023310703776624 0.00895271894364228 0.010018885773387812 0.01273628490320588 0.01468955432959198 0.021250391753562317 0.38880454727083463
365 3650 2.5579156705238104e-05 0.39377983804851024 0.006864302688211058 0.006864302688211058 0.008059300194963552 0.008949533791713697 0.009823349612096955 0.012170901319915786 0.014285842852594181 0.020562861498411106 0.39377983804851024
366 3660 2.293001013845871e-05 0.3966154747947059 0.006905808434107542 0.006905808434107542 0.00783493985648985 0.008478233084975388 0.009612841320076108 0.011915826586650887 0.01411421410981855 0.020528634636357013 0.3966154747947059
367 3670 2.1830032766203846e-05 0.3946093485112914 0.006504412542927198 0.006504412542927198 0.007651551597324445 0.00842465863388126 0.009627488918069915 0.01152619617197916 0.014383992788835055 0.02041652216366654 0.3946093485112914
368 3680 1.8907014864833065e-05 0.40529819078496765 0.006382427157144562 0.006382427157144562 0.007701988804059649 0.008032312777779386 0.009547970119311376 0.011436112171344956 0.01424654684225206 0.020069416043788233 0.40529819078496765
369 3690 1.7738879798639278e-05 0.3821848328156904 0.006370879407792657 0.006370879407792657 0.007432178207731871 0.007976563229746797 0.009291128440443504 0.011048464733520887 0.014272889418036495 0.02000291289475744 0.3821848328156904
370 3700 1.71324601113042e-05 0.3850006680916575 0.0061092196924139456 0.0061092196924139456 0.007429157887463498 0.00794236828059514 0.008932506572503628 0.011053905002524487 0.014171262512325417 0.0195717035011292 0.3850006680916575
371 3710 1.5956817829515583e-05 0.37712243780254845 0.006036818811717872 0.006036818811717872 0.0073544309349212016 0.008080721928951779 0.009002946552932295 0.010809761539121757 0.014435840212659106 0.018845097361715024 0.37712243780254845
372 3720 1.5003878338706978e-05 0.3679078554941079 0.006091111239224428 0.006091111239224428 0.007053671668656356 0.008094875935189653 0.00893812777518812 0.010762162822913281 0.0143014094921337 0.01833727663710905 0.3679078554941079
373 3730 1.3327102296710182e-05 0.3652625427075811 0.006101513157584183 0.006101513157584183 0.006832916450028999 0.008084836883983185 0.008471371481878397 0.010809287050444934 0.014033839979419671 0.01778775517850721 0.3652625427075811
374 3740 1.1616256274208403e-05 0.34721986126057536 0.0060294767130543315 0.0060294767130543315 0.006744299390487074 0.007889207220551277 0.00846115938241532 0.010699088275044542 0.013981676355540349 0.017243010019572944 0.34721986126057536
375 3750 1.0090187585828317e-05 0.34789139440405875 0.005917433125750722 0.005917433125750722 0.006745672941930472 0.007802589428713231 0.008263791492945028 0.010601607723333168 0.012723675544646039 0.017295833032141092 0.34789139440405875
376 3760 9.267034147204146e-06 0.34404504040971157 0.0057984279138807585 0.0057984279138807585 0.006438457838510552 0.007656969850930663 0.008159505772715 0.010599265632852043 0.012907218232932139 0.01630941011995967 0.34404504040971157
377 3770 9.216503624010155e-06 0.3470968574690196 0.005641602871853833 0.005641602871853833 0.006406821904303708 0.007743251200875532 0.008054308543335713 0.010544864716268101 0.01249836077616408 0.01620467209311835 0.3470968574690196
378 3780 8.246611365048956e-06 0.3469040971657811 0.005602038794797591 0.005602038794797591 0.006492591172549737 0.00699235035007113 0.007700083420809485 0.011216730488969274 0.012485210520817745 0.016120470832125828 0.3469040971657811
379 3790 8.46546271655951e-06 0.3376943298046681 0.005512353653547711 0.005512353653547711 0.006086960290180021 0.006875276351220469 0.007651910124562023 0.011196666668697898 0.012331351803114302 0.016182521172215095 0.3376943298046681
380 3800 8.034909571323058e-06 0.32908717997387366 0.005487103733538988 0.005487103733538988 0.006031248471887344 0.006721477590537067 0.007974334479099511 0.011038373348920971 0.012257688357896677 0.015857886559848974 0.32908717997387366
381 3810 7.3316566800699616e-06 0.3274550207158054 0.005148198749573027 0.005148198749573027 0.005849246213916616 0.006604894315445433 0.007948664421751158 0.011141745709253862 0.012328146354130085 0.01550337335168675 0.3274550207158054
382 3820 6.545623591053897e-06 0.319760563387239 0.0049064061417484995 0.0049064061417484995 0.005810844457579855 0.006536594340875467 0.008120528839480324 0.011064181830915551 0.012296138979186046 0.015395736404967856 0.319760563387239
383 3830 6.565400792551592e-06 0.3151386378198589 0.004821459870231175 0.004821459870231175 0.005636082711007117 0.006560207646799669 0.008012249676585764 0.01082398492070541 0.012176268369888039 0.01501960998315252 0.3151386378198589
384 3840 6.181775835693862e-06 0.3163635507416829 0.004836752328404279 0.004836752328404279 0.005812825540013528 0.006396089966391348 0.007898559852413767 0.010267321072091589 0.012548714868122866 0.014643809984789815 0.3163635507416829
385 3850 5.4986411121077945e-06 0.3128171959778001 0.00487602991215302 0.00487602991215302 0.005795321640606383 0.006398504062293404 0.007711984010442482 0.0095754803233396 0.012406178297234779 0.014657395429742022 0.3128171959778001
386 3860 5.037512617222642e-06 0.31916665729698074 0.004811953463002934 0.004811953463002934 0.005762928385747425 0.006417032273752221 0.007128471873708543 0.009265214174080846 0.012279430796983723 0.01480096680972237 0.31916665729698074
387 3870 4.537687430552204e-06 0.31560777292436865 0.004717113908767564 0.004717113908767564 0.005681690961809212 0.006312866361836803 0.006982271930435316 0.009119541576908965 0.012094189870905922 0.014669406906912541 0.31560777292436865
388 3880 4.043746749489493e-06 0.30318802506443476 0.004672778915099865 0.004672778915099865 0.005569452452754751 0.006154383407224531 0.006918268340637241 0.009078594779193845 0.01195306767757253 0.014161987129343986 0.30318802506443476
389 3890 3.7666871875598685e-06 0.3115664762108554 0.004360219867689115 0.004360219867689115 0.0054778942154670145 0.00601295456334073 0.006775591864747206 0.008881502204122397 0.011806854044669187 0.013920740227849402 0.3115664762108554
390 3900 3.5222055147976495e-06 0.31166561518231994 0.004257540299420462 0.004257540299420462 0.0052590730895339735 0.00596211563926585 0.006672738286998532 0.008818391423171534 0.011460113146852207 0.013932514179968497 0.31166561518231994
391 3910 3.0597791323177873e-06 0.30504426899613507 0.004134871382834793 0.004134871382834793 0.005227373618352303 0.005828435168346287 0.006596109440875169 0.008859891032160158 0.011328455746895475 0.013565770686255132 0.30504426899613507
392 3920 2.538324569710179e-06 0.2902463960044198 0.004022617051433441 0.004022617051433441 0.005197712412213704 0.005717835852074353 0.00657109100965358 0.009000115217250297 0.011026970013800704 0.013174333531986477 0.2902463960044198
393 3930 2.2124886612846592e-06 0.27729907049707053 0.004092347388028214 0.004092347388028214 0.00500423622708896 0.005719787911750274 0.006515083665910156 0.008918673511617225 0.010736652752055586 0.01283588563397587 0.27729907049707053
394 3940 1.9754292174357393e-06 0.277377435862022 0.0040893509053079365 0.0040893509053079365 0.004934536789967235 0.005733031885309443 0.006418357142244738 0.008730049287825108 0.010462240526997044 0.012486172345365032 0.277377435862022
395 3950 1.668803359768054e-06 0.2659177724307989 0.004114666686414705 0.004114666686414705 0.0050218091374202595 0.005633729144808069 0.006602702998218688 0.008365461352011041 0.010001040914431762 0.012390994821943536 0.2659177724307989
396 3960 1.5232007733574168e-06 0.259083617316228 0.003899324222826934 0.003899324222826934 0.004925570951007261 0.005571497717536309 0.006526452124745473 0.008179704405363747 0.009869770043984793 0.012423150761394148 0.259083617316228
397 3970 1.397262203038789e-06 0.2584333143328063 0.003857896530949237 0.003857896530949237 0.004930043869349061 0.005517674088625971 0.006581905941932661 0.00760232168280393 0.00966366094230456 0.012315797552028905 0.2584333143328063
398 3980 1.3276946758932662e-06 0.24973975547051905 0.0038454876576087095 0.0038454876576087095 0.0047425003496958 0.005612649161960413 0.006539305974746813 0.007548095003486937 0.009657541103849329 0.011771402257544306 0.24973975547051905
399 3990 1.1548313051554878e-06 0.24940712473324927 0.003711652938766996 0.003711652938766996 0.004595521206917455 0.005442523329584745 0.006794871812826771 0.007223294401555678 0.009858772347426973 0.011688250508745382 0.24940712473324927
400 4000 1.0211768298840464e-06 0.24107858555648104 0.003728944301468498 0.003728944301468498 0.00452575321142975 0.005293263363692224 0.00663648384948748 0.007125158807390081 0.009597144362939415 0.011452696397902456 0.24107858555648104
401 4010 9.495635570345527e-07 0.23122438775239224 0.00373433073398562 0.00373433073398562 0.004449066159726219 0.0051979453984561715 0.006554323450972321 0.006990708059729177 0.009449723860090072 0.011278361082602209 0.23122438775239224
402 4020 8.647440169047584e-07 0.23080969803407053 0.003755929785348204 0.003755929785348204 0.004376865441778401 0.00494880297267903 0.006493012151915266 0.00684097143372912 0.009160014348070376 0.011105037671993176 0.23080969803407053
403 4030 8.041347342435977e-07 0.22598617295012774 0.003723642539458148 0.003723642539458148 0.004344267636142677 0.004760295528398363 0.00627725455274056 0.006675053332482745 0.00893947789846598 0.01114418464878287 0.22598617295012774
404 4040 7.606254385471507e-07 0.2223960842944334 0.003737044543556135 0.003737044543556135 0.004317827428532644 0.0045589770844535246 0.00608336928735522 0.006535125392495725 0.00878268690075428 0.011145328921789398 0.2223960842944334
405 4050 7.177342883119577e-07 0.2195707785138472 0.003654460691537791 0.003654460691537791 0.004329196194494133 0.004486553787509415 0.0059049575004846465 0.006482541584199931 0.008867678775831273 0.011042375219654002 0.2195707785138472
406 4060 6.411097144396688e-07 0.21173212541407593 0.003642044789464778 0.003642044789464778 0.004232576381775987 0.004517712120109057 0.005842033396901249 0.006400307051644402 0.008623621187732375 0.011020368949544904 0.21173212541407593
407 4070 6.099120287498761e-07 0.21440818434698455 0.0035496840621337456 0.0035496840621337456 0.004186112279331621 0.004514379369419464 0.005540332052475567 0.0061029724166236044 0.008544704516680216 0.010894079885698064 0.21440818434698455
408 4080 5.560364049520783e-07 0.21150854320480342 0.0034896035904862575 0.0034896035904862575 0.00414922316566133 0.004430224271728768 0.005508612543532874 0.006073251067177781 0.008163002372754424 0.011087003161299288 0.21150854320480342
409 4090 4.618278838029505e-07 0.20235222528065785 0.0035103844273424683 0.0035103844273424683 0.004113269150038687 0.004397090460904909 0.005532395370635922 0.006027350612604209 0.007645574331868031 0.011024848837322132 0.20235222528065785
410 4100 4.2942148673709636e-07 0.19419770684123422 0.0034651648672478948 0.0034651648672478948 0.0038034805078167727 0.004417709212901566 0.005288231451401185 0.006022075261532643 0.0075362449087654736 0.011068554950599446 0.19419770684123422
411 4110 3.9147224160211896e-07 0.1942550696711822 0.003303733680606145 0.003303733680606145 0.0038217414623882054 0.004260951888525113 0.0052930626963219275 0.005835839957589472 0.00751505409319368 0.010989795795105813 0.1942550696711822
412 4120 3.35463983485946e-07 0.18938460292114875 0.0032529936241443816 0.0032529936241443816 0.0038019219627374165 0.004084515937567667 0.005181715715291759 0.005691071785921707 0.007540713782078476 0.010902181585062504 0.18938460292114875
413 4130 2.9048238898320453e-07 0.19030387401581972 0.0031670248395246152 0.0031670248395246152 0.003811751232236243 0.0038951777494963843 0.005224540077961532 0.005567796220383575 0.007360221057430338 0.010471882116004388 0.19030387401581972
414 4140 2.630945917668865e-07 0.1847302657849878 0.003131610165580843 0.003131610165580843 0.003610367460072277 0.003790146373598044 0.0052137497137488675 0.0055672822745989016 0.007353459314878531 0.01024779976569362 0.1847302657849878
414 4140 2.630945917668865e-07 0.1847302657849878 0.003131610165580843 0.003131610165580843 0.003610367460072277 0.003790146373598044 0.0052137497137488675 0.0055672822745989016 0.007353459314878531 0.01024779976569362 0.1847302657849878
