% # columns="iteration, evaluation, sigma, axis ratio, bestever, best, median, worst objective function value, further objective values of best", seed=325258, Mon May  6 19:48:38 2019, <python>{}</python>
1 10 0.43578038886903525 1.0000437509570452 105.71438361777598 1.0571438361777598e+02 298.18093109584663 848.9351699536144   
2 20 0.38507430216776606 1.155994149167694 71.18635598766335 7.1186355987663347e+01 148.10389268003982 209.85141053671305   
3 30 0.36425503075528604 1.2633681425981416 62.6931098377752 6.2693109837775197e+01 182.04206082193213 336.6207129801262   
4 40 0.3594019695806161 1.3458366656780743 51.69624314795135 5.1696243147951350e+01 144.31139371861937 448.79138364642625   
5 50 0.3602481518155411 1.4187549391191134 35.39485532166642 3.5394855321666419e+01 144.86125308234847 599.1673720253311   
6 60 0.3363558337416678 1.3882591191668154 33.39680851107059 3.3396808511070589e+01 163.70095349054196 234.62411625295883   
7 70 0.32296510476858437 1.4095836257023322 33.39680851107059 3.3988053869693161e+01 159.47193788027172 222.39891801506462   
8 80 0.30122808579608723 1.5149238672235097 33.39680851107059 4.9964695504584100e+01 90.34322605647175 160.99787947011993   
9 90 0.2675812076599264 1.5361498871938648 33.39680851107059 4.5108886344558172e+01 98.01983760205653 213.33424886211077   
10 100 0.23234955331869778 1.539715495343925 26.367080163435904 2.6367080163435904e+01 51.08707479270345 168.93787770536417   
11 110 0.2136322591649247 1.5922196041290706 25.982650549987067 2.5982650549987067e+01 44.821928289122226 106.25199155513192   
12 120 0.19328561613494885 1.613395747871046 19.973223495196905 1.9973223495196905e+01 46.25287650337941 67.52348625385693   
13 130 0.18139039142830454 1.7639231157153041 19.889566438661284 1.9889566438661284e+01 28.807007233715552 85.22329063805702   
14 140 0.1704738643483453 1.8145243651726983 13.121642817067194 1.3121642817067194e+01 40.66361053751471 70.16560229279847   
15 150 0.1638301820366595 1.7975522182580956 13.121642817067194 1.5970110596323339e+01 26.495223874164846 35.98839385392421   
16 160 0.15610905145635284 1.777999915993642 13.121642817067194 1.8602609419889198e+01 29.58868606614856 54.81890600790352   
17 170 0.1511335273655563 1.8278957270618514 13.121642817067194 1.3163176693224665e+01 23.838553841222918 35.18441379966015   
18 180 0.14477698750389592 1.8266791180577462 12.256639912286616 1.2256639912286616e+01 25.195145718765108 36.966000419787534   
19 190 0.13146079547089784 1.9357015082273537 11.441859617114517 1.1441859617114517e+01 18.960396960232273 48.070394769454275   
20 200 0.12830667761479206 1.9285601548635007 10.131244474314967 1.0131244474314967e+01 15.584832593359167 25.126611011709734   
21 210 0.11326994557232639 2.0332850367957493 9.821877107706971 9.8218771077069711e+00 18.306698484935314 26.46902254047603   
22 220 0.09817967098504853 2.065335066047388 8.764598040264536 8.7645980402645360e+00 12.123085993426704 21.37772047320473   
23 230 0.08736913339527866 2.0941610789696017 8.485081777589736 8.4850817775897358e+00 10.52955907628582 13.045734523798737   
24 240 0.077079255057791 2.1824047865370053 8.183928583103665 8.1839285831036648e+00 9.207950390457578 14.44685186600125   
25 250 0.07346347728715112 2.1766591091683973 7.329216096788819 7.3292160967888194e+00 9.491844183935267 11.05279522832464   
26 260 0.06740064804616831 2.200504525045222 7.284937738434838 7.2849377384348379e+00 8.54156681201222 10.695540015093984   
27 270 0.06063515705510994 2.27045808893548 7.284937738434838 7.3833444520111344e+00 8.140543020833961 10.43717597005768   
28 280 0.0541521793089519 2.2587427931206845 7.284937738434838 7.5874309449386503e+00 8.623773467718182 9.362371479671035   
29 290 0.05622717640901989 2.250816676375135 6.799775887513171 6.7997758875131709e+00 7.749190329208805 9.512132730711503   
30 300 0.05453282469978858 2.3968438862869226 6.799775887513171 7.2031744595940506e+00 7.699545430944969 8.392894203604758   
31 310 0.05030438088721752 2.6452178031936096 6.799775887513171 7.0762941355795199e+00 7.675476040334727 8.911341321835616   
32 320 0.04620192679053921 2.78979230401729 6.799775887513171 7.1510760170934784e+00 7.492358307248587 8.655597806918744   
33 330 0.03741121076716103 2.8409258761295035 6.799775887513171 6.9083977113939303e+00 7.199782049381435 8.400425345977872   
34 340 0.03620789087601685 2.8326796303154924 6.763237451034215 6.7632374510342146e+00 7.116673703049799 7.441278327519537   
35 350 0.03792088675723169 2.8935860428972067 6.7570700340709795 6.7570700340709795e+00 6.945758280110892 7.491579967238587   
36 360 0.044140912246966285 3.0382741566972173 6.639547831072984 6.6395478310729841e+00 7.182225275793303 7.491081946237178   
37 370 0.044528089808440065 3.235846457882585 6.639547831072984 6.6605298514235907e+00 7.0096690023721795 7.388275876210784   
38 380 0.045645500918142796 3.440594038390628 6.580786365208664 6.5807863652086640e+00 6.8483827080029265 7.2463200044380125   
39 390 0.04558622993970003 3.70561319391069 6.580786365208664 6.6612573697698592e+00 6.886249396811325 7.445925920740332   
40 400 0.044483592551967335 3.8333694687128554 6.5270854526768325 6.5270854526768325e+00 6.859183735319518 7.2728689417748855   
41 410 0.04462307616938636 3.9419777744728868 6.314028225724963 6.3140282257249627e+00 7.2159166096171035 7.448669586333667   
42 420 0.044406310234306905 3.900436923505726 6.314028225724963 6.3552887014321833e+00 6.972437740464866 7.6181148023737215   
43 430 0.04522668619156907 4.074526554417947 6.147313729948419 6.1473137299484186e+00 6.8537699370405045 7.021688648944348   
44 440 0.04260420520666641 4.0046089646721725 6.147313729948419 6.3445471850577775e+00 6.752442414427367 7.123312001591477   
45 450 0.039059355175583094 4.086418847311545 6.147313729948419 6.2816125874813835e+00 6.7038433912356945 8.231023294259003   
46 460 0.03617848072289496 3.861875038037684 6.116422062206446 6.1164220622064462e+00 6.773069299264989 7.4019141424392885   
47 470 0.03590827415694907 3.723323694523334 5.944586738491319 5.9445867384913189e+00 6.339869783904025 6.686303498985777   
48 480 0.03585198223440189 3.757983738700712 5.944586738491319 6.0475193096480524e+00 6.161919721607603 6.59309823770429   
49 490 0.03627476769171328 3.7050085772007297 5.944586738491319 5.9862563306701206e+00 6.1314212202171685 6.5257115439699325   
50 500 0.03377257098343876 3.718755739890475 5.897996081575455 5.8979960815754549e+00 6.217956834946527 7.493382842605234   
51 510 0.031229993570146292 3.744478395162116 5.897996081575455 5.9065935040973967e+00 6.026029976391164 6.7801347989313445   
52 520 0.03160512719026884 3.533844865024513 5.844092504176095 5.8440925041760954e+00 6.026290714011996 6.401204410109206   
53 530 0.031902280747362094 3.761564389827818 5.844092504176095 5.8691041862929509e+00 5.979138762603944 6.084913433986911   
54 540 0.03145128214111639 3.7367358729704727 5.792480184275986 5.7924801842759859e+00 5.995447698260061 6.2170991888597165   
55 550 0.03040747592205805 3.6345090264427875 5.784573833694887 5.7845738336948873e+00 5.899790221598931 6.080027313400633   
56 560 0.029514662849497504 3.7476055673331885 5.704751028190256 5.7047510281902563e+00 5.884714541759943 6.015386223494572   
57 570 0.03078854474580642 3.586626969164332 5.704751028190256 5.7517054739321569e+00 5.835428208506427 6.280939737201017   
58 580 0.027812577123453176 3.8789724187462937 5.704751028190256 5.7208931155595728e+00 5.798514607244069 5.997387348585599   
59 590 0.028376421752291634 3.808275284022748 5.597739474859279 5.5977394748592788e+00 5.856781586428057 5.957535218438946   
60 600 0.03261515343362589 3.8971235656274623 5.533740642205238 5.5337406422052382e+00 5.726627472042658 5.828605303494531   
61 610 0.033786592236864865 4.520223048138568 5.529091430626865 5.5290914306268650e+00 5.689906413763639 5.780945833649401   
62 620 0.03391796369135831 4.724263757374079 5.519008561515429 5.5190085615154292e+00 5.672018561787043 6.044899933644646   
63 630 0.035239137191820986 4.5819957141777925 5.465377218498547 5.4653772184985474e+00 5.663330965303291 5.871413778458239   
64 640 0.037639263399670636 4.834844929589817 5.353278709011807 5.3532787090118070e+00 5.458892719774223 5.810542614556621   
65 650 0.039061950405958674 4.731025277223295 5.353278709011807 5.3598468110490529e+00 5.603589161762237 5.817685838351829   
66 660 0.039652288545914204 5.133782266188036 5.276668357692906 5.2766683576929063e+00 5.493472042370669 5.804816146974737   
67 670 0.038924736836437435 5.444698849406376 5.250034184659857 5.2500341846598566e+00 5.564215274527662 6.493005030898416   
68 680 0.03809714889280629 5.479338445966762 5.250034184659857 5.2510154610279924e+00 5.311843420579895 5.556476064223716   
69 690 0.03777299534463795 5.6756521804624604 5.2155383086180835 5.2155383086180835e+00 5.354526742404814 5.631932217733198   
70 700 0.034976179594787986 5.605252186467713 5.152186885007438 5.1521868850074384e+00 5.3982778914719916 5.445983146575027   
71 710 0.037462023400003285 5.886768760102677 4.989108461738472 4.9891084617384722e+00 5.255356212350014 5.396362667894324   
72 720 0.0343956831522593 5.875881004636561 4.989108461738472 5.1441109530771341e+00 5.327369174015434 5.4904031180758315   
73 730 0.03576404523017713 5.808892471487402 4.989108461738472 5.0329151006850186e+00 5.26491217836601 5.586670696603168   
74 740 0.034843762332167065 6.074405872959744 4.989108461738472 5.0013480155876930e+00 5.148630974193679 5.313139118108453   
75 750 0.033337076051670037 6.28118128589249 4.973710389476597 4.9737103894765973e+00 5.125671001168118 5.221907855752291   
76 760 0.034651635579545814 6.115911920540362 4.826655092913667 4.8266550929136667e+00 5.14650968094758 5.519798341516683   
77 770 0.03600377324422572 6.552824899465675 4.826655092913667 4.8928762656993516e+00 5.0158106818088894 5.255909865404352   
78 780 0.03778204587614598 6.504187163111791 4.826655092913667 4.8338425525391777e+00 5.122729979656898 5.6380600718463985   
79 790 0.03889118222108839 6.347071948360735 4.826655092913667 4.9107828863357739e+00 5.044945661327492 5.166293678448222   
80 800 0.036934316643024066 5.830231443837032 4.826655092913667 4.8477647653645093e+00 5.208434183180155 5.533504431671347   
81 810 0.035270287492364806 5.779155238754367 4.716299488045536 4.7162994880455358e+00 4.9119886422982395 5.083542306485314   
82 820 0.03476422762002814 5.501668671968081 4.638321298516981 4.6383212985169813e+00 4.857533483912819 5.159712484767287   
83 830 0.035669894232405616 5.5718398246054 4.638321298516981 4.6576598428604266e+00 4.831024705806624 5.18484741389398   
84 840 0.03941972183425274 5.601907757481742 4.603100688673521 4.6031006886735213e+00 4.7290782982489805 4.932143625910155   
85 850 0.04313783215524533 6.006723387263098 4.540406403045088 4.5404064030450879e+00 4.77291289479713 5.04934911966923   
86 860 0.04548019630796862 6.557940459526228 4.536309043665952 4.5363090436659519e+00 4.754937058112736 4.962822725287009   
87 870 0.050186572556059045 6.435598244844089 4.536309043665952 4.5743420354742677e+00 4.755761276277118 4.934224699259235   
88 880 0.0542813648353735 6.611132870641454 4.388480459733857 4.3884804597338567e+00 4.6554227343270185 4.997348034100656   
89 890 0.0596117040072105 6.359496746428128 4.388430865256099 4.3884308652560993e+00 4.557505099625667 4.741046062865408   
90 900 0.06431897915679863 6.5862152897423245 4.388430865256099 4.4281910521014280e+00 4.868677190585812 5.744750803852753   
91 910 0.05957430981173221 6.97239353617925 4.287751536838372 4.2877515368383721e+00 4.746089340921953 4.916449000728222   
92 920 0.05951959466956017 6.9710178905002955 4.188602130988652 4.1886021309886523e+00 4.441255751283946 5.011734901785743   
93 930 0.05729431360156353 7.367838950495012 4.188602130988652 4.3723357814741730e+00 4.754701591567455 5.280404846696845   
94 940 0.05002922881776391 7.965456470452499 4.188602130988652 4.2816595060722058e+00 4.512619646691053 5.1563986135243844   
95 950 0.04235748426928222 7.73915553699347 4.188602130988652 4.1981184065410151e+00 4.366407216427325 5.315264135490156   
96 960 0.04337801620208489 7.686536469009807 3.935527839008287 3.9355278390082868e+00 4.196585052054559 4.640500491782349   
97 970 0.04838904880082834 7.716380455849292 3.917665067950628 3.9176650679506282e+00 4.160300213726191 4.300591874590352   
98 980 0.05286192255815553 7.869644756329 3.917665067950628 4.0136801322133318e+00 4.1411287655270375 4.95280724789469   
99 990 0.05643269299481307 7.460696202328643 3.917665067950628 4.0346426508797331e+00 4.136494569602359 4.5540081193434405   
100 1000 0.053870150432192045 7.372434561210929 3.917665067950628 4.0638203210104109e+00 4.363331343785435 5.018986671769123   
101 1010 0.052778708138557506 7.116580800103572 3.917665067950628 3.9528251029458183e+00 4.40467774899797 5.353835266461463   
102 1020 0.04821476585470513 7.404311885308312 3.917665067950628 4.1057578581865739e+00 4.297154973281124 4.910950224060568   
103 1030 0.042648128632300455 7.348186055802286 3.917665067950628 3.9200525274619373e+00 4.176671293927878 4.490108945789338   
104 1040 0.04015587263749071 7.646687752898461 3.7968406922171347 3.7968406922171347e+00 4.108853680531341 4.208949181410816   
105 1050 0.046302054080748486 7.582092537307117 3.694352507535697 3.6943525075356969e+00 3.937524619088591 4.212325223709924   
106 1060 0.04908087374128889 7.584413111715571 3.621280623620114 3.6212806236201138e+00 3.939962576122703 4.103746417761525   
107 1070 0.05670093187522513 7.626960983791926 3.5466686804558316 3.5466686804558316e+00 3.8611561673562123 4.245747818651507   
108 1080 0.06806041427242132 7.60390572223464 3.480850234844055 3.4808502348440551e+00 3.6813262451281163 3.901639686475935   
109 1090 0.08075036922009485 7.881331125131441 3.302190290231653 3.3021902902316529e+00 3.7336947081452267 4.356737036881236   
110 1100 0.08603667137186523 8.463070335985021 3.302190290231653 3.4559267620317455e+00 4.126368576421816 4.944560422570721   
111 1110 0.08875747574557069 7.955765948882308 3.302190290231653 3.4151720762307698e+00 4.021565956296375 4.994419461349508   
112 1120 0.0945788363483253 8.309791765888917 3.2457566565121394 3.2457566565121394e+00 3.822383262374678 4.231799515253743   
113 1130 0.08644318435330606 8.789251794234175 3.2457566565121394 3.4208718918918022e+00 4.053530366153549 5.994329652203906   
114 1140 0.08394845799167033 8.56058195262581 3.2457566565121394 3.3750852252445696e+00 3.6860102059665367 5.182013656642455   
115 1150 0.08357696363016195 8.877199985292485 3.2457566565121394 3.2673893358992738e+00 3.7256592410385903 5.589645495186112   
116 1160 0.08214907320861402 9.272555542374839 3.2457566565121394 3.4494022919384633e+00 3.9599683425362975 4.710841023174611   
117 1170 0.08418261593080079 9.460082596568922 3.022288980159919 3.0222889801599191e+00 3.7734995312592527 5.898587024229981   
118 1180 0.08253771724570691 9.532930241497219 2.847765998019069 2.8477659980190690e+00 3.4026977952126716 5.227513931998876   
119 1190 0.08689657953474715 9.610265680599035 2.847765998019069 2.9808360504334948e+00 3.409396801870144 4.330312000404451   
120 1200 0.08617708117164888 9.359619431966873 2.847765998019069 2.9956682941018302e+00 3.4276225158601505 3.745800295440854   
121 1210 0.08591798820102624 9.165097363036683 2.8380376889227312 2.8380376889227312e+00 3.4510542101828543 4.144025813030037   
122 1220 0.07906747343700256 8.937746997191665 2.624633490133899 2.6246334901338990e+00 3.5212434362583744 4.704816837449905   
123 1230 0.08007120826214927 8.89747036021394 2.5811678856592764 2.5811678856592764e+00 2.8867661101894218 4.208254656401357   
124 1240 0.0871980547217194 8.453455979727352 2.5811678856592764 2.7035730973332051e+00 2.9046363019194628 3.2160591465748682   
125 1250 0.09203700571772003 8.269077490548753 2.5811678856592764 2.5823240532628073e+00 2.9379751203332454 4.280873222259172   
126 1260 0.09520910048865845 8.510052821206786 2.3560157337371335 2.3560157337371335e+00 3.2795656963037008 3.567127557437009   
127 1270 0.09466089845041506 8.246253815258765 2.3560157337371335 2.5905057747009628e+00 3.042148404807906 4.112091071398544   
128 1280 0.08917349187148604 8.647137945168032 2.3560157337371335 2.9842338299093107e+00 3.51927660350409 5.131769919904837   
129 1290 0.07678685628851499 8.089881381504005 2.3560157337371335 2.6688052101969926e+00 3.1645819729537203 4.737631116953887   
130 1300 0.06888753119828558 8.018112412008858 2.3560157337371335 2.6186411307927724e+00 2.9507428830452986 3.8684322098945985   
131 1310 0.06521959213669305 7.528913750403744 2.3118867408779 2.3118867408778998e+00 2.848391203832638 3.152616598169936   
132 1320 0.06359096467880795 7.515785150706521 2.3118867408779 2.4221046899469210e+00 2.652173910971892 3.1126914371267516   
133 1330 0.06650967671813035 7.682770630967874 2.3118867408779 2.3167369657527042e+00 2.6356951710551555 2.7786092514826657   
134 1340 0.06089332487697214 7.750066592029611 2.3118867408779 2.4175232560817852e+00 2.827164008929417 3.536203025443505   
135 1350 0.05442290808823494 7.985982044582846 2.2407421678965544 2.2407421678965544e+00 2.7194901548333625 3.4468336579684085   
136 1360 0.05153769343652108 8.367562749066364 2.219165983704078 2.2191659837040780e+00 2.344569851252486 2.831768713380483   
137 1370 0.05381945518445654 8.462475532194757 2.1141546863672516 2.1141546863672516e+00 2.2483608898327505 2.591673767486142   
138 1380 0.05685585351491424 8.159058730145071 2.0024706487397546 2.0024706487397546e+00 2.329966599684992 2.8522067193767575   
139 1390 0.06161802932942638 7.781227297044115 1.975103070384876 1.9751030703848760e+00 2.264851718868922 2.406855055145031   
140 1400 0.06039282084057819 8.133144316020738 1.975103070384876 1.9841559238119735e+00 2.203068261552002 2.529611452329502   
141 1410 0.05869704646782483 8.47429621211145 1.8648147577923728 1.8648147577923728e+00 2.1272606772888207 2.863991779434592   
142 1420 0.05915573625376829 8.258993029990652 1.8356389067177978 1.8356389067177978e+00 2.193108636541517 2.388798846705247   
143 1430 0.0637883041472208 8.683317325542978 1.8356389067177978 1.8356683865979480e+00 1.9993109755032474 2.422055079848428   
144 1440 0.06528636158192683 9.315243693087412 1.788585108285981 1.7885851082859809e+00 2.0295793763511902 2.5026395065067946   
145 1450 0.06401636256834396 9.431608203643524 1.7047746405408746 1.7047746405408746e+00 2.04300406434097 2.592001686520047   
146 1460 0.06254924917045278 9.296606913642115 1.6397265215559038 1.6397265215559038e+00 2.036035876110474 2.462256380245517   
147 1470 0.06584549634375855 8.96565985636764 1.5950703585379276 1.5950703585379276e+00 1.741782504699433 2.17128422984919   
148 1480 0.07034939413345528 9.005376067176433 1.5485997836567607 1.5485997836567607e+00 1.8072716350741571 2.0618759330483574   
149 1490 0.07683010748184944 8.723715317645024 1.5485997836567607 1.5516385005520608e+00 1.7792439188348783 2.3367056511541975   
150 1500 0.0721569328285998 8.763315445704405 1.5485997836567607 1.5888288818542529e+00 1.7908586176551746 2.2492702869661123   
151 1510 0.06815769610621648 9.48157180035791 1.4423218075850728 1.4423218075850728e+00 1.8856229380495024 2.068406766429945   
152 1520 0.0604281127199561 9.917090650839919 1.4423218075850728 1.5179407667582854e+00 1.7051598139184765 2.037354416645723   
153 1530 0.059416936489938996 10.606544448548863 1.4350511062416227 1.4350511062416227e+00 1.5833186038032834 2.0669446715944466   
154 1540 0.059956121227695405 10.763718053267544 1.4350511062416227 1.4513352026159136e+00 1.573949536775739 1.7508931981407425   
155 1550 0.05633845415205223 10.54513467053685 1.3550733116666023 1.3550733116666023e+00 1.610503044431042 1.9276065527501662   
156 1560 0.056336052407367554 10.677449045201413 1.313314268747505 1.3133142687475050e+00 1.4458283509634928 1.5828584314290435   
157 1570 0.05599756205163675 10.758849844628369 1.313314268747505 1.3250855142717470e+00 1.452428856667901 1.637790043112701   
158 1580 0.06551491323828035 10.46906456100968 1.1702220100833198 1.1702220100833198e+00 1.3499551233709766 1.45805437089488   
159 1590 0.07167208166055078 11.923649674824583 1.1702220100833198 1.1960238931200899e+00 1.4145839436329466 1.677260224076661   
160 1600 0.07674069743199788 11.920662989232769 1.1702220100833198 1.3345188083605231e+00 1.3960712843393561 1.6189268893191802   
161 1610 0.07489345801394513 11.269759438544142 1.0495013943294604 1.0495013943294604e+00 1.538167657762428 1.8036360014056614   
162 1620 0.075817880882687 11.026034351068986 1.0495013943294604 1.2095755597407392e+00 1.4055218449663112 1.7775984961736477   
163 1630 0.07100627892362088 11.062969656195195 1.0495013943294604 1.0712061570009044e+00 1.3817984025447303 3.545021735010324   
164 1640 0.07049470670152648 10.467418382837474 0.9340794027477597 9.3407940274775969e-01 1.1683514877123828 1.549236833185943   
165 1650 0.07399944270959938 10.877520438346627 0.9340794027477597 9.7944365015487889e-01 1.290224086806108 1.7327543641193466   
166 1660 0.0752896119584579 10.332210988500659 0.9340794027477597 9.6407008121193616e-01 1.220589769499595 1.7932828819038904   
167 1670 0.07597112968453716 10.491356181585756 0.9340794027477597 9.5088060825596565e-01 1.1328654612198155 1.8354541544711092   
168 1680 0.0732860467265199 10.329610530181078 0.8918052157784846 8.9180521577848459e-01 1.0625652646876582 1.3098097655726744   
169 1690 0.0720179883010476 10.870550612563788 0.8200283622725367 8.2002836227253673e-01 0.9985169558309824 1.316213819532221   
170 1700 0.06674961345894641 10.696788150874093 0.7934777613027912 7.9347776130279124e-01 1.0385887374312786 1.2701112163306798   
171 1710 0.06321152396743704 11.296422377874054 0.7519845537110779 7.5198455371107786e-01 0.9947798034342912 1.3436632786365879   
172 1720 0.06528583025446069 11.165476002572207 0.7519845537110779 7.9675812013376457e-01 1.0306039915599299 1.1972335647796382   
173 1730 0.06065262048875426 11.844342008700306 0.7440896612485375 7.4408966124853748e-01 0.8291676092604259 1.0635053183696979   
174 1740 0.06137575160705135 12.777547866080251 0.7177243987091848 7.1772439870918481e-01 0.9090912115650822 1.042129650055569   
175 1750 0.05939185010960398 12.877471873464073 0.7025686214210811 7.0256862142108112e-01 0.8996208822873706 1.2579299121767258   
176 1760 0.05413544238539504 12.862376332824352 0.7025686214210811 7.4724906702583960e-01 0.8906075029808604 1.1095199624514187   
177 1770 0.05109206554372789 13.157064035601424 0.6379194610658683 6.3791946106586828e-01 0.8545703329568308 1.1236592520672848   
178 1780 0.05386696270413767 13.89798242630908 0.6379194610658683 6.8286199086288213e-01 0.7479346974463138 0.8040209382013066   
179 1790 0.05632109898303558 14.246356090185532 0.5945429050261066 5.9454290502610663e-01 0.7279617584544518 0.8619877811354262   
180 1800 0.060132451246779225 14.207472886618444 0.5393596896513808 5.3935968965138081e-01 0.6916421226856022 0.8724640118869499   
181 1810 0.0582629151212543 14.640689221880079 0.5393596896513808 5.7703965510973987e-01 0.6961481186849974 1.021167922621104   
182 1820 0.052331418648394655 15.076965029965923 0.5393596896513808 6.1327106574094059e-01 0.6724015138618138 0.8326611201407564   
183 1830 0.04901145707596718 15.240032417095987 0.5393596896513808 6.2977238715453365e-01 0.6825739187729388 0.772323857827361   
184 1840 0.04553229664721674 14.813402679917692 0.5393596896513808 5.9626246932831051e-01 0.6409319113801366 0.9293929630722713   
185 1850 0.041764184554580516 14.811650224053622 0.5393596896513808 5.7325555107096859e-01 0.6496595646634096 0.7308125509671635   
186 1860 0.04286616525129285 15.163498436761046 0.48699958699295975 4.8699958699295975e-01 0.6312515390142491 0.8224563384135353   
187 1870 0.04891089688485296 15.197556835660365 0.4815915396159606 4.8159153961596057e-01 0.5402244427784366 0.6875460519357226   
188 1880 0.05399221364783865 15.542370669090424 0.4815915396159606 4.9192550098974253e-01 0.5249823726774239 0.6597146404137502   
189 1890 0.06263792052425457 15.87682260008733 0.43461012420630224 4.3461012420630224e-01 0.5768000487277776 0.7487661505216838   
190 1900 0.06697517996682407 16.417221442367957 0.43461012420630224 4.7909410019041843e-01 0.5929671330288476 1.313863029217503   
191 1910 0.06176566342712592 16.385206439700006 0.43461012420630224 4.4084821443143551e-01 0.5517234489422622 0.6722952798647138   
192 1920 0.05908618935464375 16.164965717742756 0.43461012420630224 4.5548210591962390e-01 0.5530896885824677 0.7577186303625578   
193 1930 0.055387974972000174 16.36058257617628 0.43461012420630224 5.1043676962434192e-01 0.6201935896914943 0.7381337933006935   
194 1940 0.0554714833729822 16.687879646052355 0.43461012420630224 4.4463475847453982e-01 0.5039335669889465 0.7699754723010086   
195 1950 0.055812028016201304 17.618979782627047 0.4315813681448827 4.3158136814488268e-01 0.5348902049331339 0.6610016785116704   
196 1960 0.050657193048646194 17.347721737857057 0.4315813681448827 4.6901495687923705e-01 0.5436088046206877 0.7013313168095774   
197 1970 0.04714247193188256 17.680548645213957 0.41920279685962847 4.1920279685962847e-01 0.5305141086912957 0.6212910168188902   
198 1980 0.04445237612265694 17.995085295703223 0.4035640778863542 4.0356407788635418e-01 0.4647069561759265 0.5169317267384224   
199 1990 0.045331014717655514 19.340120258375393 0.38677007965843013 3.8677007965843013e-01 0.4500333555946052 0.5257869434813964   
200 2000 0.04163986561418637 20.577153419584693 0.38677007965843013 3.9999045873060340e-01 0.46923718379343893 0.5018915469607365   
201 2010 0.03720200077587378 20.449217646347012 0.36659357653857194 3.6659357653857194e-01 0.4123463530064202 0.45462382021023473   
202 2020 0.03716434443885964 21.042115931542973 0.36659357653857194 3.8439529510610415e-01 0.4036110808472395 0.4811085845036952   
203 2030 0.03574705097019089 21.31966091180573 0.36659357653857194 3.7048833102714934e-01 0.42513924377937284 0.4880227300892922   
204 2040 0.0348048461049665 20.37284767966702 0.34837824441882537 3.4837824441882537e-01 0.381023274440998 0.4158032781814298   
205 2050 0.03660892860670001 20.55159466076405 0.32901289854024807 3.2901289854024807e-01 0.3732978028986827 0.40565133471816317   
206 2060 0.03611526733120202 20.37007382679704 0.32901289854024807 3.3916208239100842e-01 0.3639882454088093 0.40554928186725014   
207 2070 0.041246266063645745 20.997807766111237 0.31504239435799186 3.1504239435799186e-01 0.35042086390037686 0.3798161091290583   
208 2080 0.0429994542242098 21.288822262739973 0.31093357688803847 3.1093357688803847e-01 0.3534586231281528 0.38001659822886413   
209 2090 0.04291475224902153 20.72205560512104 0.2926626401239512 2.9266264012395121e-01 0.3548116647558439 0.37947492716534015   
210 2100 0.04999211746790882 20.93269460621629 0.2926626401239512 2.9548127865284202e-01 0.3333676356914056 0.3852915678826944   
211 2110 0.05290943414143132 21.970496313372752 0.27550709329871104 2.7550709329871104e-01 0.3185295488341478 0.41733052701444623   
212 2120 0.05253261418767839 22.043378457706297 0.2720221013481577 2.7202210134815769e-01 0.34648143605269277 0.589005268939069   
213 2130 0.055492725150404904 21.76825189371689 0.2720221013481577 2.7565000958407199e-01 0.326762393740118 0.3765137414336176   
214 2140 0.05755989350087216 22.89286139675984 0.2365727695505353 2.3657276955053530e-01 0.31410952723059243 0.3716646388736857   
215 2150 0.059279566119446896 24.385642266096244 0.22493799257428498 2.2493799257428498e-01 0.3344333228219127 0.4608966105471971   
216 2160 0.06321120474480385 24.33075049927388 0.22493799257428498 2.3375927894192516e-01 0.2932371270074931 0.4724961770697581   
217 2170 0.06050499787378888 25.44493142469002 0.205964486061084 2.0596448606108400e-01 0.3062927349929605 0.42025189371565286   
218 2180 0.06472398583586797 25.018204531187966 0.18052127478668997 1.8052127478668997e-01 0.24787613754695847 0.3208895636427769   
219 2190 0.061804162629967005 25.241767750754477 0.18052127478668997 2.0243786805162761e-01 0.26700714660526614 0.3632093679528761   
220 2200 0.06011569752910992 25.18045681812134 0.18052127478668997 1.8601807118491095e-01 0.224340789021069 0.3549245122374744   
221 2210 0.05894574559847888 23.602607209832406 0.16532428601540788 1.6532428601540788e-01 0.20003907694988762 0.32100592066933226   
222 2220 0.05611630958033912 22.413377109346012 0.16532428601540788 1.7989856622981476e-01 0.2174255995307325 0.29342146673514446   
223 2230 0.054247986971844006 22.46236086587559 0.16532428601540788 1.6577282190067411e-01 0.2493744256835517 0.4465976114216952   
224 2240 0.052730788197874606 22.784308835197404 0.13503209010100992 1.3503209010100992e-01 0.19448223779752044 0.24856383945704644   
225 2250 0.05071084389089796 23.53518657581127 0.13503209010100992 1.5260975636571433e-01 0.1852543784377414 0.277346248614045   
226 2260 0.04543281344223265 22.96371554289448 0.13503209010100992 1.6374859565575631e-01 0.19348612715265473 0.25792920328503   
227 2270 0.043863051424436535 23.70090200572762 0.12896012056186656 1.2896012056186656e-01 0.1727185383636533 0.20009908489755163   
228 2280 0.040009220750760806 22.61553202690691 0.12896012056186656 1.3362251176876749e-01 0.15656037898042502 0.20215411789873103   
229 2290 0.03570850994144893 21.638736189412025 0.11707727484426572 1.1707727484426572e-01 0.1531747926372984 0.21138175700119957   
230 2300 0.034716133591395214 21.672532496501923 0.11707727484426572 1.2885618030388205e-01 0.14914400522175933 0.1657057273782619   
231 2310 0.03353582368857198 20.781686152242692 0.11707727484426572 1.2526170970419021e-01 0.13698594433149658 0.1482458526479316   
232 2320 0.03400158223022177 20.962923846988208 0.11399493209642803 1.1399493209642803e-01 0.13157450817327568 0.1619647243223481   
233 2330 0.03573436746582196 20.989561357272812 0.11399493209642803 1.1404501213400473e-01 0.12223779921560393 0.139129316290368   
234 2340 0.03877413609317598 22.062840258158616 0.10650846338778436 1.0650846338778436e-01 0.1293528485841723 0.15030622978962524   
235 2350 0.04165265384544653 23.369226967052757 0.09720370948695697 9.7203709486956974e-02 0.11139320788355525 0.14531556957794428   
236 2360 0.045272355292135795 23.817734135616718 0.09266798002339892 9.2667980023398919e-02 0.11622747530427381 0.1443102786415642   
237 2370 0.04625281728277339 24.437074754287647 0.08583738046330451 8.5837380463304511e-02 0.11465044369307684 0.1434447607534497   
238 2380 0.045281028483660106 23.5353214875655 0.07942261305635379 7.9422613056353786e-02 0.12406636878043056 0.15407700151744752   
239 2390 0.04481005696570606 24.132259843970356 0.07942261305635379 8.2574043774939029e-02 0.10960210618388981 0.15778106520078802   
240 2400 0.04783544500416982 23.48987291100789 0.06890034295743944 6.8900342957439437e-02 0.11215201838772303 0.12956418902943415   
241 2410 0.04613108401286792 22.92326478863807 0.06599518690636505 6.5995186906365050e-02 0.10321907337136889 0.18258116567589805   
242 2420 0.04320790105678127 23.130566457966687 0.06599518690636505 6.8819773746933335e-02 0.08466697642968102 0.11050021264430529   
243 2430 0.040124744458918234 23.122822679009683 0.05367879260619041 5.3678792606190413e-02 0.07843870987731283 0.122759673022446   
244 2440 0.03751113661442908 23.65698066014913 0.05367879260619041 5.9636423277035298e-02 0.08480041931012128 0.10862072272412761   
245 2450 0.031875349353343026 23.655802694820647 0.05367879260619041 5.8932439052981761e-02 0.09443385426478743 0.11237519977823819   
246 2460 0.030961744219490633 24.802705463670453 0.05367879260619041 5.6177592203120345e-02 0.07220237538308495 0.07992284876879964   
247 2470 0.03258988180841595 24.623459127973405 0.04307846325184768 4.3078463251847679e-02 0.06617637004476604 0.07798718657139381   
248 2480 0.039181229474938545 25.40290270633119 0.038086326965784845 3.8086326965784845e-02 0.060307411907297506 0.07848761171452905   
249 2490 0.042203671166017594 27.35423847418873 0.038086326965784845 4.2130016984886234e-02 0.06305364488414686 0.07975497207534558   
250 2500 0.04479052251892212 27.848819427732113 0.0301979371080704 3.0197937108070401e-02 0.04864615147424753 0.09123082686441081   
251 2510 0.0465722848398122 30.379932322195376 0.0301979371080704 3.3703156552588293e-02 0.05564046082775097 0.10723445994520849   
252 2520 0.0451200739427896 30.91880588779678 0.029029306008379392 2.9029306008379392e-02 0.04888491068804016 0.06020507540131778   
253 2530 0.05105261546164083 31.410411633059454 0.025340461022859508 2.5340461022859508e-02 0.045179403653634376 0.0777887862530465   
254 2540 0.04594168531775235 33.89773934411039 0.025077210652088004 2.5077210652088004e-02 0.04464711662958431 0.09583072484137997   
255 2550 0.04110796875227311 35.216749831466025 0.024288335973532364 2.4288335973532364e-02 0.03363642641889793 0.04652530440893125   
256 2560 0.03788836018109872 35.47510550713056 0.02396667722952507 2.3966677229525071e-02 0.03303401269849853 0.04356437859075657   
257 2570 0.03525738563945196 35.68635333447644 0.01877329288432586 1.8773292884325860e-02 0.030602723415446918 0.06336646901424864   
258 2580 0.033348271041612615 34.743047605813054 0.01842228224288429 1.8422282242884291e-02 0.02826549951729892 0.03896297168785373   
259 2590 0.03164783712311052 34.72443841485107 0.016207501898282656 1.6207501898282656e-02 0.020075215239230573 0.039759757857453476   
260 2600 0.03234556660140802 35.770580333113394 0.012810215522458774 1.2810215522458774e-02 0.027620827889885582 0.036762389277673585   
261 2610 0.032990735131151624 37.55676996269279 0.012810215522458774 1.2937657794376781e-02 0.017559933535356953 0.034768118333546934   
262 2620 0.03536866848858823 39.01552274835373 0.010247024851902438 1.0247024851902438e-02 0.015252367876246113 0.028936501726646212   
263 2630 0.03643014861270977 39.316592088627345 0.007202105552913214 7.2021055529132138e-03 0.019542246236059387 0.022699176814560185   
264 2640 0.032981750117244 40.786044084690715 0.007202105552913214 8.4910011061271363e-03 0.01829127304852238 0.020395252422126586   
265 2650 0.03205180259540465 42.03650479290702 0.007202105552913214 7.6222780091052093e-03 0.014449176527474517 0.01856225741885293   
266 2660 0.030481325930746227 40.531533920103286 0.006009671177582216 6.0096711775822157e-03 0.016530923534430794 0.021268824653042293   
267 2670 0.02742244949484061 40.68489692371526 0.004345021803345104 4.3450218033451041e-03 0.012194702067813794 0.01328684068169471   
268 2680 0.026472141091490587 40.798824269455906 0.004345021803345104 4.3862349435293668e-03 0.008243239187804572 0.018952911199556596   
269 2690 0.02391628739210623 42.925660131983136 0.004261253374567555 4.2612533745675554e-03 0.007952014981992474 0.017677169192376323   
270 2700 0.023535340000303284 42.943228924443844 0.003664188414682341 3.6641884146823411e-03 0.006094461925692407 0.00912963448667126   
271 2710 0.024740463136057832 43.166056088621055 0.003414885085790276 3.4148850857902758e-03 0.005508712993371856 0.008866720901143212   
272 2720 0.02562689955648567 45.89000409883366 0.0024559069663013583 2.4559069663013583e-03 0.006796120127892716 0.012638195548917933   
273 2730 0.024968349969492966 45.86766490370605 0.0024559069663013583 2.5667163931073394e-03 0.006311156293141381 0.014686797187030545   
274 2740 0.023783776028883236 45.61534660424133 0.0024559069663013583 3.1486734263263903e-03 0.005417093981094878 0.010945381911431575   
275 2750 0.021956948152613964 48.07737793190889 0.001202137875653656 1.2021378756536560e-03 0.0033313574572728663 0.0054204658239273736   
276 2760 0.019853032287304676 47.46577203838616 0.001202137875653656 1.7687994441237791e-03 0.0037814356782935998 0.005595181858990356   
277 2770 0.01986494865305335 46.85064952994855 0.001202137875653656 1.8877207112891266e-03 0.0035446955016523616 0.005930646033521114   
278 2780 0.02051037427114085 52.33883828494948 0.001058166038869671 1.0581660388696711e-03 0.002536217769559602 0.005941826573141257   
279 2790 0.021598729439023454 55.00698258729508 0.001058166038869671 1.4232338792805623e-03 0.004043623478054309 0.01242093938923125   
280 2800 0.020430894962905333 54.8395285138816 0.0009171717964511382 9.1717179645113816e-04 0.004028717139958648 0.00640411663813384   
281 2810 0.019815835603473827 54.31851599887016 0.0006444450456746677 6.4444504567466772e-04 0.0021155118258433326 0.0033106764225677337   
282 2820 0.01939844684853697 54.97055403543627 0.0006444450456746677 9.2394308707117220e-04 0.00181792113120307 0.003826960133448613   
283 2830 0.016400350682613658 52.92154882107443 0.0006444450456746677 6.9303618818865342e-04 0.002066217760841517 0.0038445661613044795   
284 2840 0.015715404471732402 52.156626337516464 0.0006444450456746677 9.4604314697504307e-04 0.0017643345646627317 0.0036277814143791964   
285 2850 0.01402599845661596 50.69855094121718 0.0006393582580806704 6.3935825808067036e-04 0.0016748615071855353 0.0026565846790064006   
286 2860 0.012836891978426886 50.2269470135458 0.00020774212563781885 2.0774212563781885e-04 0.0009349748057931177 0.002853264934767701   
287 2870 0.011201823168489044 48.739458341630375 0.00020774212563781885 3.7114546698298952e-04 0.000945778293762035 0.0020809862627096582   
288 2880 0.010786359909973103 47.921228858647005 0.00020774212563781885 2.3595426579142888e-04 0.0006165823830303216 0.0009681171918253585   
289 2890 0.009869087094439104 48.51994930870767 0.00020774212563781885 2.0917117560939369e-04 0.000435626542458895 0.0008570594715841027   
290 2900 0.009302967279202164 50.504570564429244 0.00011301093814391789 1.1301093814391789e-04 0.0005495855047982118 0.001101632014104939   
291 2910 0.008210190009358383 48.014209857305026 0.00011301093814391789 1.3599302933646880e-04 0.0004507772711122886 0.0007973034317097401   
292 2920 0.007281170312771228 49.404770655485855 0.00011301093814391789 1.2155627767025751e-04 0.00020436855805783344 0.00048105109896975803   
293 2930 0.0067378595533547645 49.54362703742967 0.00010187082021766424 1.0187082021766424e-04 0.0001981203209824494 0.0003740192107862683   
294 2940 0.006353492056736846 50.50875508751155 8.986808655332222e-05 8.9868086553322222e-05 0.00017988404075115424 0.00032870050274744504   
295 2950 0.005697189417516869 52.54487886500669 6.221298439595689e-05 6.2212984395956886e-05 0.00016443035469513976 0.00038064213784204105   
296 2960 0.005066358920801301 52.008379821996485 3.0973092662068234e-05 3.0973092662068234e-05 0.0001033131211674248 0.00027818099308636113   
297 2970 0.004130210320181548 52.323399957868745 3.0973092662068234e-05 4.5311544558302308e-05 8.757690250607854e-05 0.00018906450855313132   
298 2980 0.003911611745507182 51.31191882454341 3.07029553443258e-05 3.0702955344325802e-05 8.071543927263766e-05 0.0001136681118229509   
299 2990 0.0037866500256539975 52.73679631438791 3.07029553443258e-05 4.0990825011248431e-05 7.576307240985971e-05 0.000134902877801097   
300 3000 0.0035342637966496136 53.835076715697504 2.4446976962561525e-05 2.4446976962561525e-05 8.334335312815591e-05 0.00010384105589411827   
301 3010 0.003295716775968735 52.81246143677926 1.22595682837037e-05 1.2259568283703700e-05 4.75384804169703e-05 7.571925108305344e-05   
302 3020 0.00307623628345656 54.39724998081467 1.0495056525374208e-05 1.0495056525374208e-05 2.8150405933906917e-05 7.160988855667194e-05   
303 3030 0.002978525270662705 55.78027345239051 8.874715600766777e-06 8.8747156007667772e-06 2.3006035175842504e-05 3.4783846334547226e-05   
304 3040 0.0028072920613008887 55.93246582482598 6.384708920903158e-06 6.3847089209031584e-06 2.2115884437491544e-05 3.985992669571091e-05   
305 3050 0.002508675717088728 55.06335026390772 4.486870683785779e-06 4.4868706837857787e-06 1.6719899201431475e-05 3.608096160492025e-05   
306 3060 0.0022819886901157965 53.5614040417133 4.486870683785779e-06 1.2422995092147963e-05 1.8313938153365366e-05 3.624725852088111e-05   
307 3070 0.0018941033307691662 52.400268296255916 1.5166104926341947e-06 1.5166104926341947e-06 1.047035329071321e-05 2.019519775817879e-05   
308 3080 0.0016062320053601812 51.90755750751588 1.5166104926341947e-06 3.5307254878112201e-06 6.4534846253449005e-06 1.1117904626654637e-05   
309 3090 0.0014111653554533502 52.89159213130301 1.5166104926341947e-06 4.6447218068687867e-06 7.625438463419435e-06 9.875734761708526e-06   
310 3100 0.0012330635074318853 52.34912586475365 1.5166104926341947e-06 1.6484066847212857e-06 6.697718222287661e-06 1.7669863208381276e-05   
311 3110 0.0012131588389007106 53.18550854030614 1.5166104926341947e-06 2.0485956250678946e-06 4.1721772884316745e-06 7.68746071248463e-06   
312 3120 0.0011263387075475815 50.956500551661165 1.3183116648091868e-06 1.3183116648091868e-06 2.9452947924670643e-06 1.262994079710001e-05   
313 3130 0.0009658534087202564 47.98655719197238 1.281444018041856e-06 1.2814440180418561e-06 2.429068954387444e-06 7.061757830229492e-06   
314 3140 0.0008727977636961042 48.80078016551268 7.526203432406054e-07 7.5262034324060543e-07 2.2594166438165498e-06 3.2402060464584435e-06   
315 3150 0.0008098476629238155 48.99562822921088 5.474080625793806e-07 5.4740806257938056e-07 1.9953936205486e-06 4.400547595034759e-06   
316 3160 0.0007900458227862774 49.2175974855358 5.169189016783472e-07 5.1691890167834722e-07 1.5669754248760034e-06 2.0219747094106796e-06   
317 3170 0.0006897904767048287 53.72764548464801 2.53015856258048e-07 2.5301585625804798e-07 1.04059916657233e-06 2.119870892181458e-06   
318 3180 0.0006713903516585209 53.18236048741165 2.53015856258048e-07 3.5155853398132396e-07 6.556065379305286e-07 1.0172663152800836e-06   
319 3190 0.0006341565067078031 51.5421968403557 2.53015856258048e-07 5.0054204698573519e-07 1.025620387392451e-06 1.6594497183353262e-06   
320 3200 0.0005392013477869716 50.13963129121662 2.53015856258048e-07 2.8447271332063654e-07 4.996629995871207e-07 8.340721595072521e-07   
321 3210 0.0004971778615003889 49.803883054850814 2.53015856258048e-07 3.8174946869273008e-07 9.078703610012621e-07 1.1246468999302594e-06   
322 3220 0.0004511289859601669 49.08670705650409 2.53015856258048e-07 2.9934544102402770e-07 5.40404363405121e-07 9.180533480385257e-07   
323 3230 0.00043648558398325007 47.55692769358686 2.53015856258048e-07 3.2585306409479021e-07 4.2982584790972985e-07 1.125896242933578e-06   
324 3240 0.0004198664536819285 46.920788925114955 2.53015856258048e-07 2.7657801782398138e-07 5.802191785275578e-07 1.0983800865432064e-06   
325 3250 0.0004204488963497734 44.78364024920288 2.4969612830550456e-07 2.4969612830550456e-07 3.638115413954144e-07 7.407024954260771e-07   
326 3260 0.00044517245046260854 44.239406746719574 1.3647687281427363e-07 1.3647687281427363e-07 4.314763775431314e-07 7.720830774227297e-07   
327 3270 0.0004499562995111225 47.913009373523366 1.3647687281427363e-07 1.3697662280400230e-07 3.3181169317257894e-07 4.544940665917923e-07   
328 3280 0.00044012420404593316 50.61468153416625 8.496962240306256e-08 8.4969622403062565e-08 2.41929868639883e-07 4.714290698795649e-07   
329 3290 0.0004534493391912914 52.07043589888863 8.496962240306256e-08 1.1138963419294926e-07 4.1916479597300345e-07 7.637070862742923e-07   
330 3300 0.00041689113645939984 49.47042814855616 8.496962240306256e-08 1.3736676461790554e-07 2.699869581336362e-07 4.31130042479897e-07   
331 3310 0.00036452693490753165 51.31209147476506 5.983414164561276e-08 5.9834141645612761e-08 1.7450829284906441e-07 7.101331945805024e-07   
332 3320 0.00033289411611878904 50.48399756005367 5.983414164561276e-08 7.7638528628743722e-08 1.2833393597614466e-07 3.722963583315399e-07   
333 3330 0.0002966144860850603 52.61090300151707 2.4858707785945653e-08 2.4858707785945653e-08 1.415481265405276e-07 4.3204426773979425e-07   
334 3340 0.0002678470638787195 51.26198097370045 2.4858707785945653e-08 4.7050755075249838e-08 8.100517062046776e-08 1.7172864923883268e-07   
335 3350 0.0002496518721886858 49.92935032039955 2.4858707785945653e-08 5.8228982842521576e-08 9.487572299390108e-08 1.281790092726099e-07   
336 3360 0.0002137493266869439 50.02032543234344 2.0177190295072537e-08 2.0177190295072537e-08 1.126311515189887e-07 2.547336852386463e-07   
337 3370 0.0001947126069919547 50.99577629019818 1.8294750264550517e-08 1.8294750264550517e-08 4.5041751928156036e-08 9.783751429066167e-08   
338 3380 0.00018280792357890083 53.41787714056054 1.3199081111062671e-08 1.3199081111062671e-08 4.6735393921368735e-08 6.295881521168402e-08   
339 3390 0.0001604267745777863 50.530015824643485 1.3199081111062671e-08 1.3574196872419662e-08 3.3785698782742483e-08 6.091066180376444e-08   
340 3400 0.00014816872020418054 47.90398906597756 1.308586193301309e-08 1.3085861933013090e-08 2.77537092805497e-08 4.952125233573829e-08   
341 3410 0.00012913766311117289 48.8656822871107 1.2146342103764138e-08 1.2146342103764138e-08 2.8888711385194045e-08 5.8907892137387095e-08   
342 3420 0.00011407373939517831 49.210052011759736 1.1156186068886818e-08 1.1156186068886818e-08 1.872667743998131e-08 2.6148026674991555e-08   
343 3430 0.00010178327306897013 49.71442505469114 6.916272810499462e-09 6.9162728104994620e-09 1.2721354147174573e-08 2.6017685491738447e-08   
344 3440 9.168428568249219e-05 48.092199564455385 4.6673396772970376e-09 4.6673396772970376e-09 1.0258752296952782e-08 2.0917229913762327e-08   
345 3450 8.663452351999584e-05 47.40254190545118 3.269802178669937e-09 3.2698021786699368e-09 1.0536404752341254e-08 1.6354358675201075e-08   
346 3460 7.593090677416739e-05 49.90628017315535 3.269802178669937e-09 3.8032594660196051e-09 6.357483040768598e-09 1.1751203383520503e-08   
347 3470 6.466276568909459e-05 51.30367545807639 3.269802178669937e-09 3.2928439054849581e-09 5.509558765986582e-09 1.030845986599944e-08   
348 3480 6.294595644016507e-05 51.10282460193208 1.3508939844686489e-09 1.3508939844686489e-09 3.3840791815054975e-09 5.8510115882378955e-09   
349 3490 6.502868864330558e-05 51.96750404769367 1.3508939844686489e-09 1.4680319041082355e-09 3.229282265255163e-09 7.068819016369531e-09   
350 3500 6.052818867329219e-05 53.45586833090739 5.819379381155387e-10 5.8193793811553872e-10 3.755760720495085e-09 7.631182057148895e-09   
351 3510 5.516238430900374e-05 53.790895566478675 5.819379381155387e-10 1.4111977496437159e-09 2.3279212459585642e-09 4.907265153960837e-09   
352 3520 5.313497999521948e-05 55.21165353559227 5.819379381155387e-10 1.5879586912094561e-09 2.36952739885657e-09 6.164420313110253e-09   
353 3530 4.95834709003405e-05 55.931049618214466 5.819379381155387e-10 9.1431189941767737e-10 2.063686483835154e-09 6.448032215301403e-09   
354 3540 4.682873731989163e-05 54.66417540283225 5.819379381155387e-10 5.8505655388247083e-10 1.685666325869245e-09 2.728823268836696e-09   
355 3550 4.21536656032163e-05 55.816599472145526 5.819379381155387e-10 7.5399481536058710e-10 1.7183984924247764e-09 2.6871750582938735e-09   
356 3560 3.871645777181748e-05 57.32385283907713 3.3828309011562336e-10 3.3828309011562336e-10 1.2257998276973154e-09 2.9271338240245803e-09   
357 3570 3.5639964394372935e-05 57.7829541180001 3.33610150848447e-10 3.3361015084844701e-10 8.134384697321193e-10 2.4501675745475964e-09   
358 3580 3.417204262683932e-05 58.93901954115967 3.3168403508935915e-10 3.3168403508935915e-10 7.137143218893624e-10 1.2986969847473854e-09   
359 3590 3.0747550298274494e-05 56.090459146570076 3.3168403508935915e-10 3.3399265773204691e-10 6.434412323806561e-10 1.5662080409075959e-09   
360 3600 3.082474866555191e-05 58.40500785859698 1.9404784991797933e-10 1.9404784991797933e-10 7.903069675043955e-10 1.2588703672506843e-09   
361 3610 3.194745082923566e-05 56.70411572613697 1.9404784991797933e-10 3.7948194009701911e-10 5.336678189144126e-10 1.08157621794243e-09   
362 3620 3.0446410667377192e-05 55.256465790633314 1.2133166352719596e-10 1.2133166352719596e-10 8.010545268679837e-10 1.8117620551040503e-09   
363 3630 2.9588667311079714e-05 57.037176380410536 1.2133166352719596e-10 3.5397131982075581e-10 6.145308185518765e-10 1.0085858189575433e-09   
364 3640 2.6872100279749934e-05 56.291442522202125 8.317763371834602e-11 8.3177633718346018e-11 4.410125677121727e-10 9.181617933101772e-10   
365 3650 2.5579156705238104e-05 57.36632778807942 8.317763371834602e-11 1.0800361251521431e-10 4.980699236093516e-10 7.770630155685576e-10   
366 3660 2.293001013845871e-05 57.43215708617635 8.317763371834602e-11 1.7607036707807944e-10 2.2580340874313988e-10 3.3035346462463886e-10   
367 3670 2.1830032766203846e-05 60.667945937774775 8.317763371834602e-11 1.3059271590353614e-10 2.6108618310313614e-10 4.101165330379543e-10   
368 3680 1.8907014864833065e-05 63.502203911762976 1.6709581560925546e-11 1.6709581560925546e-11 1.9391287658941684e-10 4.352889712733658e-10   
369 3690 1.7738879798639278e-05 59.989337162498174 1.6709581560925546e-11 1.2949849261752964e-10 1.908633345962209e-10 2.354200983529274e-10   
370 3700 1.71324601113042e-05 63.01961420207686 1.6709581560925546e-11 8.7268691814966102e-11 2.670644672290909e-10 4.5350341836316856e-10   
371 3710 1.5956817829515583e-05 62.470392033388244 1.6709581560925546e-11 3.8070786362850407e-11 1.4532294813948304e-10 3.1242057039977267e-10   
372 3720 1.5003878338706978e-05 60.400777632318054 1.6709581560925546e-11 2.7492005672066975e-11 7.371523423076953e-11 1.689454064053039e-10   
373 3730 1.3327102296710182e-05 59.86425551726617 1.6709581560925546e-11 3.8870904742512010e-11 8.900886439207126e-11 1.5879867800285314e-10   
374 3740 1.1616256274208403e-05 57.587063983316284 1.6709581560925546e-11 3.8019069038451310e-11 7.322238496700103e-11 1.1379792242404754e-10   
375 3750 1.0090187585828317e-05 58.79092961611173 1.6709581560925546e-11 3.3930582899764412e-11 7.077293456585584e-11 7.468553949792912e-11   
376 3760 9.267034147204146e-06 59.33419290875514 1.5747558878393286e-11 1.5747558878393286e-11 8.158280382645263e-11 9.63844063079969e-11   
377 3770 9.216503624010155e-06 61.52451091527529 1.0283990430079003e-11 1.0283990430079003e-11 2.4855190428343044e-11 8.118149874382748e-11   
378 3780 8.246611365048956e-06 61.92461528255361 6.679201448406602e-12 6.6792014484066022e-12 2.538608585589051e-11 3.6903026104079456e-11   
379 3790 8.46546271655951e-06 61.26136874170446 6.679201448406602e-12 9.9497273947812880e-12 1.8288064097169413e-11 3.401445429035243e-11   
380 3800 8.034909571323058e-06 59.97465984876215 6.679201448406602e-12 1.2603333318975210e-11 2.4825384653244952e-11 4.5115283357003054e-11   
381 3810 7.3316566800699616e-06 63.60574574611428 6.679201448406602e-12 9.8168998484815535e-12 1.8642052353257544e-11 3.923181756076756e-11   
382 3820 6.545623591053897e-06 65.1720534642258 6.169025537247459e-12 6.1690255372474594e-12 1.626329860939267e-11 2.3355508418016503e-11   
383 3830 6.565400792551592e-06 65.36166354211488 4.984545868042867e-12 4.9845458680428672e-12 1.734788881680036e-11 3.125010106289472e-11   
384 3840 6.181775835693862e-06 65.40825935696736 1.9299140834427196e-12 1.9299140834427196e-12 1.759492458519598e-11 3.376226573635909e-11   
385 3850 5.4986411121077945e-06 64.1540764953337 1.9299140834427196e-12 5.1770530480299338e-12 1.0361224426460168e-11 2.4497934819030366e-11   
386 3860 5.037512617222642e-06 66.32787697364856 1.9299140834427196e-12 2.2156931435808163e-12 7.429434788395333e-12 1.656886165227563e-11   
387 3870 4.537687430552204e-06 66.90696451865568 1.1936279047391027e-12 1.1936279047391027e-12 9.298271515713992e-12 1.6168169914579024e-11   
388 3880 4.043746749489493e-06 64.8838797154937 1.1936279047391027e-12 1.2812101231621907e-12 4.829195351470028e-12 1.053239964773061e-11   
389 3890 3.7666871875598685e-06 71.45659752612049 8.931923364662468e-13 8.9319233646624677e-13 3.172660008294057e-12 9.712427637948253e-12   
390 3900 3.5222055147976495e-06 73.20320966186603 8.931923364662468e-13 1.1948766834388978e-12 2.637279738653621e-12 4.7054534817339545e-12   
391 3910 3.0597791323177873e-06 73.7735810266007 8.931923364662468e-13 1.0199326482015100e-12 3.2222840944444044e-12 3.676674468238901e-12   
392 3920 2.538324569710179e-06 72.15362344794711 8.931923364662468e-13 1.0370837425724193e-12 2.6261087802532117e-12 4.994495725847582e-12   
393 3930 2.2124886612846592e-06 67.76039377993263 8.931923364662468e-13 1.0494081969578646e-12 1.6746187887545358e-12 3.763016227555189e-12   
394 3940 1.9754292174357393e-06 67.82920866536273 6.694049132010545e-13 6.6940491320105452e-13 1.261954710102479e-12 3.004503993623679e-12   
395 3950 1.668803359768054e-06 64.62680763639328 4.5221142838369666e-13 4.5221142838369666e-13 7.63726750293451e-13 1.0114535239609878e-12   
396 3960 1.5232007733574168e-06 66.44320977453816 1.4866965040300428e-13 1.4866965040300428e-13 8.048107566567381e-13 1.1325348860989667e-12   
397 3970 1.397262203038789e-06 66.98814036601928 1.4866965040300428e-13 1.5858627940938615e-13 5.598212666114929e-13 1.3745844784741434e-12   
398 3980 1.3276946758932662e-06 64.94358523720189 1.4866965040300428e-13 2.1910236987672617e-13 4.055129555282077e-13 6.682322285786664e-13   
399 3990 1.1548313051554878e-06 67.19570198179731 8.056389171226895e-14 8.0563891712268948e-14 3.923989763838673e-13 6.074887536463606e-13   
400 4000 1.0211768298840464e-06 64.6506265758761 8.056389171226895e-14 8.9840593989030295e-14 1.9805412106430545e-13 3.2548239732615277e-13   
401 4010 9.495635570345527e-07 61.918561644273105 2.109835365011913e-14 2.1098353650119129e-14 2.0721093860432733e-13 3.9484140679167473e-13   
402 4020 8.647440169047584e-07 61.45208010396091 2.109835365011913e-14 4.9375030055818799e-14 1.4676559209453257e-13 3.794433745892623e-13   
403 4030 8.041347342435977e-07 60.68954539954646 2.109835365011913e-14 3.0485379902034352e-14 1.8955909753971892e-13 2.2738986600242087e-13   
404 4040 7.606254385471507e-07 59.51122115413788 2.109835365011913e-14 4.5229601005232498e-14 6.930257473037974e-14 1.1622389120446974e-13   
405 4050 7.177342883119577e-07 60.08294986515567 2.109835365011913e-14 3.7600333526914860e-14 9.158052630699462e-14 1.8092411135161722e-13   
406 4060 6.411097144396688e-07 58.135508389832665 2.109835365011913e-14 2.2802971401875012e-14 5.738166554630439e-14 1.0430355179546138e-13   
407 4070 6.099120287498761e-07 60.40204722278916 1.298098655344156e-14 1.2980986553441560e-14 5.835228276074803e-14 1.681752980149265e-13   
408 4080 5.560364049520783e-07 60.611051576586334 1.298098655344156e-14 1.7224084175307472e-14 3.6595933773372956e-14 1.2133094179930343e-13   
409 4090 4.618278838029505e-07 57.64389327406182 5.895714737836865e-15 5.8957147378368649e-15 3.84165105413586e-14 6.825224768762177e-14   
410 4100 4.2942148673709636e-07 56.042847679992214 5.895714737836865e-15 7.5133444898534027e-15 2.4197111543652454e-14 1.0472244870384308e-13   
411 4110 3.9147224160211896e-07 58.79864675882158 5.895714737836865e-15 7.2245587911319943e-15 1.9063244703735366e-14 2.9480724825830184e-14   
412 4120 3.35463983485946e-07 58.21855951868385 5.895714737836865e-15 7.8646315813099902e-15 1.616665171208453e-14 3.1717195962484264e-14   
413 4130 2.9048238898320453e-07 60.08916369736626 5.413828660504124e-15 5.4138286605041240e-15 1.1334279811800368e-14 2.8803675922207146e-14   
414 4140 2.630945917668865e-07 58.988908586175995 2.6492755428987463e-15 2.6492755428987463e-15 1.2578843153641242e-14 1.880386942077731e-14   
