% # columns="iteration, evaluation, sigma, void, void,  stds==sigma*sqrt(diag(C))", seed=325258, Mon May  6 19:48:38 2019, <python>{}</python>
1 10 0.43578038886903525 0 0 0.4276855442740055 0.42421323923788573 0.42119996529220566 0.4156339322686008 0.4334826246806001 0.43208385050434184 0.43569100246741393 0.44257473508302425
2 20 0.38507430216776606 0 0 0.37595167114255484 0.363894666257356 0.3700850227918416 0.3546457915122882 0.3775515902955915 0.38443961084840533 0.38039451749867376 0.3867593247684952
3 30 0.36425503075528604 0 0 0.3571963897101645 0.3448942657869112 0.32999176293825194 0.3201087599893613 0.3629556005729628 0.35835463253265193 0.3661427528708075 0.3575071731836338
4 40 0.3594019695806161 0 0 0.3589854382485508 0.34467726256726117 0.32464917606955934 0.3072727467805631 0.3530713715866758 0.34895876106218443 0.351069029375391 0.3489015213266275
5 50 0.3602481518155411 0 0 0.3546978930985756 0.35970265931005635 0.3079640648148886 0.3080526994485592 0.3523857926246244 0.34711368338248444 0.34860136906226036 0.3518380200097823
6 60 0.3363558337416678 0 0 0.3310509232164998 0.3324719447078599 0.28617608460155636 0.27965741350973 0.3274266727302465 0.31798320102610467 0.31640809789571117 0.32549955811264164
7 70 0.32296510476858437 0 0 0.31449847059211794 0.32298875548201594 0.2705064305657742 0.25039602337477945 0.3104447009915004 0.3033374466964215 0.30459635798355567 0.3238404213377382
8 80 0.30122808579608723 0 0 0.2897045861583289 0.30133138228328743 0.2534856740447299 0.22721483311859736 0.28545505779295616 0.2757397097535331 0.2853192972143191 0.29026590929414614
9 90 0.2675812076599264 0 0 0.2560562817529934 0.2667943311005869 0.22334756780902534 0.20482387083630427 0.2540734309393424 0.23439283141433107 0.24984610419246678 0.25749474281588924
10 100 0.23234955331869778 0 0 0.2246290758528103 0.22835268143660994 0.18247667253405286 0.17520635702962822 0.21369188035559297 0.20197216027761836 0.21663305317436635 0.22169131593464506
11 110 0.2136322591649247 0 0 0.20347969609581085 0.21214220585985266 0.16734772231887285 0.15931699169098182 0.18731593910629574 0.18968105172205907 0.19387896207172783 0.19802401225128974
12 120 0.19328561613494885 0 0 0.18391111169779345 0.1859559196271643 0.14727734736759082 0.14265449233878572 0.1761446758451633 0.16997504293148244 0.16972468408754302 0.17598709439214483
13 130 0.18139039142830454 0 0 0.17705017146665078 0.17334178666573194 0.1355109115153996 0.1343374678534165 0.16465079495398718 0.15922101345442222 0.14870196820030812 0.1601340665903838
14 140 0.1704738643483453 0 0 0.16398684489506274 0.16262726662917015 0.1246958428940372 0.12455983174923828 0.15227359064043977 0.14547512396357898 0.13923590946521808 0.14805290510994104
15 150 0.1638301820366595 0 0 0.15462595234452162 0.15260141357122758 0.12127803683065937 0.1156778024900808 0.14213676760199898 0.14024075539728795 0.134279424559942 0.14192102098496231
16 160 0.15610905145635284 0 0 0.14547608777730742 0.1436895710637494 0.11523878494340835 0.11000889966068031 0.13074990245486454 0.13479360593770942 0.12610510333635855 0.13232010784117856
17 170 0.1511335273655563 0 0 0.1394761589462739 0.13835387939206145 0.11220976045747855 0.10218076934198246 0.12497690910921759 0.12874120432224415 0.12204531517683515 0.12447702504083921
18 180 0.14477698750389592 0 0 0.13403019041908337 0.13183494229594597 0.10590488208678346 0.09553863876909209 0.11311422723233115 0.1254593015128262 0.11780486396630449 0.12094323219713768
19 190 0.13146079547089784 0 0 0.12107860314095262 0.11886709989864097 0.09415255371791266 0.08779792315682715 0.09991786850894169 0.10964172975801575 0.10526239723402674 0.1045893171852673
20 200 0.12830667761479206 0 0 0.1173648102050995 0.11207179145802387 0.08783940492000451 0.08555225148790034 0.09589780323626422 0.1086262819452369 0.10587148276498336 0.09853398953189065
21 210 0.11326994557232639 0 0 0.10146580254308239 0.09433767606081721 0.07801501142930904 0.07668716349610423 0.08546569097694233 0.09438818396898287 0.09278478995202434 0.08520836041967747
22 220 0.09817967098504853 0 0 0.08808640633891493 0.08003627494682601 0.06429020062201621 0.06548618312075989 0.07264356979987696 0.08008091215484538 0.07982338911449793 0.07221715950085515
23 230 0.08736913339527866 0 0 0.07820478591574168 0.07113349925685554 0.056433143392300954 0.0575610718283733 0.06431274418628555 0.06967784245808552 0.06771787543544146 0.06532224092343998
24 240 0.077079255057791 0 0 0.06971268789775265 0.05919556865812826 0.048757990120881355 0.05000949106566368 0.0566337680548841 0.061390155378260924 0.05721647074250596 0.057446975345591685
25 250 0.07346347728715112 0 0 0.07074961423403217 0.05650618722158836 0.045280852974246055 0.0474327802186057 0.05350678887270445 0.05619041043855351 0.05394641629554082 0.05244123879743905
26 260 0.06740064804616831 0 0 0.06515927855792082 0.049889550648058806 0.04154289748614863 0.042778467787979835 0.04904006507499493 0.04966792414112919 0.0493102623308514 0.048044335227347384
27 270 0.06063515705510994 0 0 0.058299527793155836 0.04434660398811423 0.037282400290282416 0.03778137764548465 0.0403201029795325 0.04416096265039889 0.043231303604108096 0.042738815128844795
28 280 0.0541521793089519 0 0 0.05199708124806428 0.03938596675593467 0.03331568690258683 0.03315778781209269 0.03585458814318264 0.03928920317521435 0.036629741627283746 0.03781806079015242
29 290 0.05622717640901989 0 0 0.05912295547303308 0.038281301310008564 0.033323245584753636 0.03416988750339336 0.036519555939648736 0.040405780057121546 0.03873335190781245 0.03920258848321422
30 300 0.05453282469978858 0 0 0.05912392161237056 0.03741432121898453 0.03100440762723455 0.03151926210734802 0.03530784898093482 0.0379284812337357 0.038405841184190895 0.03775831777832687
31 310 0.05030438088721752 0 0 0.053880590054906884 0.033222348180434735 0.026750772902940333 0.029057968784950997 0.03190000057124629 0.035839125368315246 0.035717998604639 0.034480135048342235
32 320 0.04620192679053921 0 0 0.04977689859945138 0.029480571744274257 0.02441819732229777 0.025832951768141325 0.02719804180909053 0.032440199103391174 0.03236097423186001 0.03217209228780452
33 330 0.03741121076716103 0 0 0.04035177057362053 0.023887780545648118 0.019532649605920986 0.019122870658231702 0.02171983911901512 0.026258824781736047 0.024904330078491514 0.025463126242547547
34 340 0.03620789087601685 0 0 0.03914791130465883 0.02215332553791481 0.01887098554826971 0.01812463621259706 0.020344830956060135 0.02523336320998677 0.024183197682668158 0.024939953915556947
35 350 0.03792088675723169 0 0 0.04193199532949956 0.024032323321668856 0.018402160636794694 0.01920825870474919 0.020839825139839258 0.026111343382948064 0.025332772136877853 0.026045682867108372
36 360 0.044140912246966285 0 0 0.053321953791537285 0.028448945183144544 0.02107801932438047 0.02246043538360489 0.024369485380784317 0.029400346373965606 0.02957529532459341 0.030190827343339072
37 370 0.044528089808440065 0 0 0.05463850953390981 0.02818847285395245 0.0214375569758396 0.02289667493897393 0.02435505478124905 0.028744916789404554 0.02876078407131766 0.030548066127936726
38 380 0.045645500918142796 0 0 0.05959336667188896 0.02923655268963213 0.021376531274697904 0.023370382036775633 0.024245463659185 0.029367443013418648 0.02848493450238622 0.031134221385870773
39 390 0.04558622993970003 0 0 0.06020898809813476 0.029406786510090793 0.021428128271424814 0.02308180623888187 0.024022501800539775 0.02931635642323142 0.027578197475963677 0.030242495434909845
40 400 0.044483592551967335 0 0 0.059295240579064885 0.029376979445883963 0.02069929110059351 0.021402941662605875 0.023099378231170198 0.02720156612124956 0.026955018057805487 0.02950177376719187
41 410 0.04462307616938636 0 0 0.0598930306029724 0.02930228789289913 0.020812840791839846 0.022171399204900414 0.022849045542166248 0.026649362261350514 0.027083550380023334 0.027930498046664153
42 420 0.044406310234306905 0 0 0.06086038704965859 0.028968073055455564 0.0212693563073623 0.02170851085675486 0.022183387478414106 0.026738376127232705 0.027163292816996414 0.026750725951742292
43 430 0.04522668619156907 0 0 0.06155947803071265 0.028801016915567076 0.021634670363262262 0.022264869217141228 0.02237841250692949 0.026822238611914587 0.02596757934411279 0.027363020262431256
44 440 0.04260420520666641 0 0 0.05776010134307567 0.0272223784951857 0.020160779898785775 0.021040543436067562 0.020910413316108302 0.02562105328001778 0.0242900110524701 0.02426586184173738
45 450 0.039059355175583094 0 0 0.049950363511554755 0.024181040426222124 0.01825020067915109 0.019568705093038017 0.019568720096005403 0.022420242033824218 0.02232962226608993 0.021595295054561835
46 460 0.03617848072289496 0 0 0.044321370071691554 0.02231025680836435 0.016791172259590707 0.01816600254117995 0.017743163070910308 0.020642178789995705 0.01973828322166092 0.018733396005806837
47 470 0.03590827415694907 0 0 0.04437647428667012 0.022864594769690442 0.0170203263465241 0.017617442921953493 0.017334654653922688 0.01913765384044826 0.019318000368673625 0.01876789185314796
48 480 0.03585198223440189 0 0 0.042969622884179264 0.02324930762954455 0.016702873384082786 0.017533248268471562 0.01728313685621097 0.0187152554727767 0.019358339753152858 0.01894332336594608
49 490 0.03627476769171328 0 0 0.043313494117202436 0.023438362520913667 0.01670004067753629 0.01831581899155084 0.017444773706308057 0.01815164763654437 0.019140222396991268 0.01921044540060248
50 500 0.03377257098343876 0 0 0.039701470451205145 0.022497586470929136 0.015072704542319834 0.016347080175387513 0.01612151522939109 0.016395254183683407 0.01798690957708164 0.017231186972687013
51 510 0.031229993570146292 0 0 0.034358749700108195 0.02092021693807706 0.013716282216038682 0.015023003890936895 0.014880986381467077 0.01473662428550654 0.016223654909179465 0.01542294293204974
52 520 0.03160512719026884 0 0 0.03592982060914234 0.02159954964266206 0.013414096803416039 0.015149195414679942 0.014809951394179231 0.014920535235096854 0.01624642235081398 0.01563723690570804
53 530 0.031902280747362094 0 0 0.035474352284212175 0.02213364539102003 0.013721715354810373 0.014963928280223707 0.01506467669416822 0.014550764783241538 0.015963449944279364 0.01626606623817888
54 540 0.03145128214111639 0 0 0.033165965617856376 0.02191833017039258 0.013298098797440927 0.01502217054764624 0.01442013844413096 0.0141851279401955 0.01548657740192715 0.015806377234673867
55 550 0.03040747592205805 0 0 0.032230161062647804 0.021507912338203684 0.013317202179307321 0.01431530165754192 0.013236663802734824 0.013932033273806833 0.01459896795265276 0.015283681877888589
56 560 0.029514662849497504 0 0 0.02943381839961914 0.02071984637583226 0.01333968062520009 0.013721691469052862 0.012689994283642118 0.012881868791242807 0.014045687411274543 0.01452588344496307
57 570 0.03078854474580642 0 0 0.031757120420520306 0.023561114895240452 0.014114680869432933 0.01425037787749449 0.01297500373624928 0.013802385078549157 0.014405316408779144 0.015125151235691523
58 580 0.027812577123453176 0 0 0.027117098733929576 0.02094498745412652 0.012901812504983814 0.012528899385189047 0.011686814427403379 0.01257675452813599 0.012822338333376763 0.013542857968623048
59 590 0.028376421752291634 0 0 0.026780280044829703 0.022399546097632884 0.013363462589502982 0.012677943114419244 0.01156740846748207 0.013013085559603767 0.012685395899506144 0.013797872411282004
60 600 0.03261515343362589 0 0 0.03384182777362822 0.029890208028497726 0.015479583281116671 0.014894827269968568 0.012945700683911647 0.014824623287322236 0.014666055105208799 0.015299741998617167
61 610 0.033786592236864865 0 0 0.03567742485356305 0.03196845809871256 0.0156722763628505 0.015516806579551125 0.013247238822797436 0.014774849544102481 0.01484375833442606 0.015633792519707267
62 620 0.03391796369135831 0 0 0.03427859624140712 0.03128178358886028 0.015629616874825978 0.01442087283279547 0.013264867177380282 0.01531773099613044 0.014997959810150091 0.01572567429546386
63 630 0.035239137191820986 0 0 0.037082155194456075 0.0345304477526167 0.016872885306857422 0.01444226113939924 0.013600922507669633 0.015998981944881384 0.015005117194181133 0.01584618932487519
64 640 0.037639263399670636 0 0 0.03743731859220612 0.03590978258562035 0.018773025900913353 0.015440073008273332 0.014544115491657057 0.016462618528297997 0.016101892199402664 0.016393064143874654
65 650 0.039061950405958674 0 0 0.039818477572427916 0.03907687844345188 0.01965520482213579 0.01589599863671156 0.014613183682399295 0.01656803199395098 0.016429247336401196 0.017247282232350492
66 660 0.039652288545914204 0 0 0.04151044748221583 0.04031895842570702 0.020993552772890625 0.016034797051172823 0.01477717061950467 0.0164687194649933 0.01634864980470351 0.017219610286567228
67 670 0.038924736836437435 0 0 0.03982513950658837 0.039986649571808544 0.02145063153419014 0.014830083355772588 0.014542660664036254 0.01616237220146437 0.016183703035360247 0.016471171830721908
68 680 0.03809714889280629 0 0 0.03902317417825634 0.039618176762537566 0.020985260269374886 0.014197757313818952 0.013972057500553286 0.016346653369856093 0.015457436159364317 0.01568335614937914
69 690 0.03777299534463795 0 0 0.03763554236190415 0.03853562742738233 0.02045502278345995 0.013217003283109702 0.013415680980841333 0.015978967341506035 0.01564618538878662 0.015685525777985893
70 700 0.034976179594787986 0 0 0.035153855169138874 0.03578257310210582 0.01961272198902504 0.011867046371147674 0.01214316755108114 0.014414207978966155 0.013674013172811004 0.014330234743518497
71 710 0.037462023400003285 0 0 0.038177190922812895 0.03898235433242641 0.0223285152033116 0.012587112540922284 0.013086472305910252 0.014898506756007382 0.0143659273287953 0.015196918239081465
72 720 0.0343956831522593 0 0 0.03401702466170192 0.03448529433647417 0.019976951304552026 0.011507396401804914 0.012238197908889132 0.01314715351349289 0.013268405553884968 0.013980614923201493
73 730 0.03576404523017713 0 0 0.03619123829505162 0.03714938211156777 0.023221949188487207 0.011667250296671292 0.012713908598445746 0.013551464750405766 0.013305106852289326 0.014141745391412304
74 740 0.034843762332167065 0 0 0.03534066069275309 0.03636198489690211 0.023030755864269194 0.011376394263175185 0.012283440760510685 0.01298457169864653 0.012304200983550383 0.013709984443786315
75 750 0.033337076051670037 0 0 0.03239134616739939 0.033752505218023525 0.021887140265194314 0.010928304743416764 0.011711781749621336 0.012363768230898247 0.011635318623365755 0.01262871556224352
76 760 0.034651635579545814 0 0 0.03406395828244044 0.03638534187931905 0.023985262775765927 0.011737840402965568 0.011869790888628684 0.012840391764864728 0.01204323940518659 0.013038998249986916
77 770 0.03600377324422572 0 0 0.03368943098874474 0.036854448445637365 0.02454204857066132 0.013182705084125714 0.012305912658121766 0.013032314973076867 0.012299643154942348 0.013224515668707748
78 780 0.03778204587614598 0 0 0.0333781087825234 0.03741948606377613 0.02516961218140825 0.015052337011836371 0.013078303015096366 0.013606877312420046 0.01270103796488383 0.014075527810793952
79 790 0.03889118222108839 0 0 0.032760392879152986 0.03707902309872694 0.025408414777500412 0.016203728436129928 0.012715135506865448 0.01327236658548643 0.012956651519067068 0.014415484623844363
80 800 0.036934316643024066 0 0 0.03048528122263742 0.03450016157846314 0.023725108790656955 0.015403680513385505 0.012483618232037239 0.012661322772141614 0.011838358913624272 0.014097695626243958
81 810 0.035270287492364806 0 0 0.027334120092060217 0.031404531996473126 0.02234288849125786 0.014876351258942636 0.011923252276333176 0.011685240394292445 0.011386331599930768 0.013338842115158449
82 820 0.03476422762002814 0 0 0.02643451716270776 0.031870372834881325 0.02272321638893835 0.014719512655933348 0.01145796323531811 0.011301644691547673 0.01128587827698354 0.012603725319070511
83 830 0.035669894232405616 0 0 0.026860341579831526 0.033612438692296756 0.02398842745816358 0.015184051280363809 0.011804760609016548 0.01139634024987171 0.011196507916215572 0.012741143192802843
84 840 0.03941972183425274 0 0 0.028573019982616236 0.037712297611646926 0.027792471752410883 0.017868944323450094 0.01292824434141896 0.012586900905677306 0.012358014755331567 0.013956973179818918
85 850 0.04313783215524533 0 0 0.03175043200876699 0.04247440867792342 0.03224312247538573 0.02015713072661406 0.01456154376114872 0.013410382896293581 0.013585670543990427 0.014787192590963696
86 860 0.04548019630796862 0 0 0.031580016087193054 0.043383331833636185 0.03473186620266101 0.021244136429264194 0.014678421727334348 0.014091631062657711 0.013818269782977354 0.015801731196064726
87 870 0.050186572556059045 0 0 0.03329908084949744 0.04638319301250569 0.0383247279393084 0.023772027408326724 0.01615444855485053 0.016197268363332577 0.015664535644914053 0.01763337828983958
88 880 0.0542813648353735 0 0 0.03393569165590161 0.04689629506498129 0.0418181244735863 0.026960270290852933 0.01790484205095122 0.016830114088856547 0.01684275686470905 0.019204971741859356
89 890 0.0596117040072105 0 0 0.03722210662617626 0.05134996754562506 0.04738442993165643 0.03195157765654584 0.018958325701147898 0.018784299268875003 0.018098711717822156 0.02128171098086575
90 900 0.06431897915679863 0 0 0.04066307228407228 0.0561996390380221 0.05416741787559397 0.035928196694503284 0.020182228120432497 0.020332898460674542 0.01940622220516092 0.022909766455484364
91 910 0.05957430981173221 0 0 0.03753637409222679 0.05253457342425553 0.04998267416604104 0.033371346271170346 0.01808690549362192 0.018894218793858015 0.01787060371125881 0.020922938280114347
92 920 0.05951959466956017 0 0 0.0370783900212628 0.05314269063087937 0.05029209616786601 0.03468489641799174 0.01884749611017838 0.0185447495265917 0.017650745362862715 0.020952946973028522
93 930 0.05729431360156353 0 0 0.0350414103971063 0.050636196744054444 0.046660877553336075 0.03320022454149563 0.01894213640449025 0.01811942737186143 0.017029773878144493 0.02017063910451865
94 940 0.05002922881776391 0 0 0.028733021418052014 0.04176159032191287 0.03956227440122394 0.02782976161755019 0.016245262730406197 0.015893108636098493 0.014726894041330842 0.017438105383692892
95 950 0.04235748426928222 0 0 0.023266925770012804 0.0339503472798622 0.032823828438945844 0.02322235910113977 0.013025801714702233 0.013384234279841697 0.012631454442786799 0.014341670318012804
96 960 0.04337801620208489 0 0 0.023960870715691928 0.034310448046361436 0.033601867027192624 0.024171418766640466 0.014513030886978992 0.013674690141816603 0.012852488042062227 0.014784501138124158
97 970 0.04838904880082834 0 0 0.02685700293065435 0.03825752479250096 0.038221058764392475 0.028253109650741605 0.016623058888427134 0.015936984307499135 0.014575676921746572 0.015808909317404016
98 980 0.05286192255815553 0 0 0.02826420869520187 0.03861392775666105 0.038661288716770666 0.030947216452292065 0.01826705143091612 0.017703042417096616 0.015850558573054604 0.017202450094187225
99 990 0.05643269299481307 0 0 0.030027455493333317 0.04047267429260339 0.04082908375788654 0.033204821805493105 0.018931983392188014 0.01866585226543901 0.01708386856642726 0.01836858633326422
100 1000 0.053870150432192045 0 0 0.028478496887435166 0.038327682510389406 0.03829925434473271 0.030528278731630325 0.01778083653186374 0.017380135091130205 0.01636100267795595 0.017564808148882324
101 1010 0.052778708138557506 0 0 0.026698957024642506 0.03614128492506763 0.037064100582664114 0.030458509737263727 0.017565585362443396 0.017158555489153057 0.016171883389882753 0.017467650786943775
102 1020 0.04821476585470513 0 0 0.023456090833487972 0.03217265318125288 0.03347982817018162 0.02796229033290284 0.015644417528470147 0.01594002867788743 0.014817167910467985 0.016008108200788438
103 1030 0.042648128632300455 0 0 0.020632744378489432 0.028463008143399762 0.02968450663618587 0.02452085731009782 0.013842826722436476 0.013694542087794019 0.013074337112037013 0.014070404655973116
104 1040 0.04015587263749071 0 0 0.01894861550954139 0.026340368443372623 0.027356079400230916 0.022877881194321974 0.013343593724759753 0.012646838118052716 0.012435655871954849 0.013207647641305517
105 1050 0.046302054080748486 0 0 0.02216745210171705 0.029963981301145696 0.03067528919612962 0.02746728958968696 0.017476989389956413 0.014463757669259308 0.014369377606152084 0.015583643518743142
106 1060 0.04908087374128889 0 0 0.022797118314867672 0.03145276969157626 0.033600104205724006 0.02986237427463246 0.018919499455289018 0.014920857256367047 0.014881910015397534 0.016597211008518284
107 1070 0.05670093187522513 0 0 0.02541181939861442 0.035018353340588046 0.038201262169230164 0.037217135735247965 0.023881335411778348 0.01700907800859808 0.016833340827959675 0.019135138713780007
108 1080 0.06806041427242132 0 0 0.031194643148875767 0.04215761489116281 0.04637827860539575 0.04593861389423948 0.029844320327623564 0.020590312733526243 0.019698489504675096 0.022546126428090858
109 1090 0.08075036922009485 0 0 0.0379177217138737 0.05097933703131127 0.05745155384262006 0.05740818397136436 0.03593746281640423 0.02516175972812328 0.022161653308777136 0.026895267143010475
110 1100 0.08603667137186523 0 0 0.03795561101011804 0.050796794445172926 0.05863304999127681 0.05941950609192456 0.03773387946770195 0.026101890421498575 0.0244884371197995 0.02805689911707259
111 1110 0.08875747574557069 0 0 0.03892116638520496 0.05154658751676313 0.06020378391090346 0.06209164075107187 0.04023559078836236 0.02666265169609713 0.02497188785948254 0.029260485028980134
112 1120 0.0945788363483253 0 0 0.04062773415928335 0.054850696275673065 0.06388959230391139 0.0680085392473054 0.04558535671669269 0.02807506635230272 0.02616663606151899 0.03141032810283012
113 1130 0.08644318435330606 0 0 0.0352941690358843 0.04755097479212583 0.0562630799890472 0.06114382232538952 0.04191043294446851 0.025515842811716198 0.023517503547984455 0.028297778193313
114 1140 0.08394845799167033 0 0 0.03410332727970645 0.045688777737544296 0.05465937429688632 0.05957688311063336 0.041626771243965896 0.023988131846505115 0.02252099492761013 0.027474599640134947
115 1150 0.08357696363016195 0 0 0.03202676186107919 0.04506493495965498 0.055270925480434836 0.06071485210621518 0.0425609180320321 0.02374572489899645 0.02196329753345664 0.02783618000654302
116 1160 0.08214907320861402 0 0 0.03102460235472494 0.04347129200158054 0.054129900332817886 0.06013376310748 0.04206872663643504 0.02264707359703154 0.021201243419748685 0.028326532834290017
117 1170 0.08418261593080079 0 0 0.03155562496168531 0.04463992766243444 0.05582218057963444 0.061426890994483035 0.04475473483101097 0.02447094038280759 0.02146134727029377 0.02819888400118808
118 1180 0.08253771724570691 0 0 0.02989802327944152 0.04264616871580644 0.05385823935710758 0.058788330146575696 0.04338765197848175 0.02487375198777692 0.021446915478685446 0.02750316081484954
119 1190 0.08689657953474715 0 0 0.029465835830026318 0.04232036991013612 0.0554408692202581 0.06038155872506424 0.04640489450936205 0.02765482083924216 0.022637883625847587 0.02833132340634512
120 1200 0.08617708117164888 0 0 0.029637219168698506 0.042035847350493954 0.05403718213181866 0.05790550633955444 0.04619369524026068 0.02797690337234074 0.021881401572001385 0.02702634280295598
121 1210 0.08591798820102624 0 0 0.028755331705045375 0.040977804588900386 0.05310551187780622 0.056945320259442544 0.04543011361624328 0.028149519719107948 0.02184497256247674 0.02642080867838046
122 1220 0.07906747343700256 0 0 0.02622801154073575 0.037109302208764204 0.0483010507345912 0.05190520340270516 0.04194719538626027 0.026083003556109343 0.01873362647511936 0.023913355841621294
123 1230 0.08007120826214927 0 0 0.025893313509339894 0.03555057950671768 0.04555621389768673 0.05052858975777727 0.04166188044473905 0.026636777457891846 0.018900158531842567 0.024869154873699072
124 1240 0.0871980547217194 0 0 0.027671364000485178 0.037753036116705364 0.048599619652029274 0.05453983164103568 0.0463996561843689 0.0291721272181902 0.021479639882573034 0.026960823245980037
125 1250 0.09203700571772003 0 0 0.027861339527048723 0.038311018182749866 0.050897239829301444 0.05954469059327642 0.05120948933511131 0.03224622161470992 0.02242341102947789 0.02781617784007137
126 1260 0.09520910048865845 0 0 0.028591822257761468 0.0389692492266153 0.052014350946966846 0.060185304421149395 0.051984387711730785 0.03208620121364938 0.02216037052827414 0.02907877144992042
127 1270 0.09466089845041506 0 0 0.028078693930643172 0.037559539287617794 0.0511556672522597 0.059773994104280165 0.05286352063804472 0.03166739245826781 0.022615552930369494 0.029438397847247753
128 1280 0.08917349187148604 0 0 0.024797136610950066 0.03381257249877448 0.04577620449060041 0.05345604094155013 0.0480566429327471 0.029601958569899913 0.021376915141889198 0.026547755787750472
129 1290 0.07678685628851499 0 0 0.021180351860908792 0.029378455050719073 0.03951131848324502 0.046079639115876404 0.040632506676199484 0.02503297651152395 0.018423737471142197 0.022688157700579168
130 1300 0.06888753119828558 0 0 0.018492239731474135 0.02547524253010111 0.0342622154286901 0.038901670828067676 0.03419646899153406 0.02150117057708175 0.016292953804848773 0.019804728449675867
131 1310 0.06521959213669305 0 0 0.017550036850177815 0.023827051267611497 0.03221874634749763 0.03672943934277907 0.031964130850214705 0.0208593258307959 0.015183845673288131 0.01824946073663374
132 1320 0.06359096467880795 0 0 0.01593306250201865 0.022312238378709007 0.030565048703082083 0.035916409772568575 0.03209002770335565 0.0209369064803828 0.014837146947966093 0.017705021688828256
133 1330 0.06650967671813035 0 0 0.016304726585956185 0.022516935551145832 0.0310125498325143 0.037264036200105204 0.033758443917285004 0.02300310936755577 0.015583060022852872 0.017721870621660283
134 1340 0.06089332487697214 0 0 0.014507537247031268 0.02023168656296172 0.028382790638069647 0.03453486663511966 0.03104723153599253 0.021223235659296943 0.013874954397138857 0.01582860052232851
135 1350 0.05442290808823494 0 0 0.012677291592338194 0.01809952462049878 0.02542896314420515 0.030721579586574465 0.027602548225023216 0.01917461289991916 0.011976915198297524 0.013918196634420971
136 1360 0.05153769343652108 0 0 0.011829613873296355 0.017079788078814946 0.024045077899858054 0.028966269899857282 0.026180088877842896 0.01854545335026 0.011595909439430398 0.01265635801403434
137 1370 0.05381945518445654 0 0 0.011767551549176287 0.016335187805704025 0.023280891633541623 0.028233357678951267 0.027387597222547407 0.02084110036003417 0.012116582354757474 0.013170858057969985
138 1380 0.05685585351491424 0 0 0.011646058404422864 0.016309727253730425 0.023162677574559167 0.02831285984307318 0.028363381757675173 0.022070049523945808 0.013280414520454219 0.013400355955296173
139 1390 0.06161802932942638 0 0 0.01223942199372982 0.01837093710129134 0.025594989574646114 0.031197004078500713 0.032909977587001274 0.025069748660194586 0.014316891651856936 0.014352577447559241
140 1400 0.06039282084057819 0 0 0.011820260068687307 0.017974431363643052 0.02444540124635299 0.030538394315751404 0.03314028867320715 0.02535777747177341 0.014176122677053262 0.013742397207631313
141 1410 0.05869704646782483 0 0 0.01119079032870855 0.01722636611112955 0.02324969224564995 0.028540176512120048 0.031577488581015355 0.025052896354017577 0.013679999903341768 0.01279535723788098
142 1420 0.05915573625376829 0 0 0.011162145260589692 0.016654613094209986 0.02287248642963028 0.028441308458852153 0.032758074794450934 0.026931418231001196 0.014655522402049362 0.012676546109989285
143 1430 0.0637883041472208 0 0 0.011863208978572716 0.017216064834486802 0.023647461776967995 0.03013179886288106 0.035340439364420724 0.03030560173715328 0.0168465912374969 0.01346998817608399
144 1440 0.06528636158192683 0 0 0.012217811339710331 0.017714554149301526 0.024461371310348205 0.030900814440782597 0.036404917555469374 0.030772447692126677 0.01735147879632455 0.013501247441492344
145 1450 0.06401636256834396 0 0 0.011108923745707027 0.016692110262934278 0.023372385848863166 0.030195559924468186 0.03602175438845653 0.03003006471189243 0.016993623404996376 0.013243107978999191
146 1460 0.06254924917045278 0 0 0.010453252757172144 0.015864769047752286 0.022042548200496438 0.02864467417307662 0.03455188371937977 0.028708845248486884 0.016864391335002577 0.012602310643668407
147 1470 0.06584549634375855 0 0 0.011362046964948053 0.016691364769787352 0.023358314108346025 0.030071244920798785 0.03518225846639066 0.029294843540178573 0.018479230517645346 0.013055813050316062
148 1480 0.07034939413345528 0 0 0.012070698604032691 0.01728870469202043 0.023502166351192573 0.03065965710113136 0.036421408510842 0.030602580029078386 0.020646596510062978 0.013963789586108305
149 1490 0.07683010748184944 0 0 0.01357565876226165 0.01937621296538782 0.024529042477085546 0.03257578896886766 0.03885833358201771 0.03285887126934291 0.023478112126178903 0.015161185248615483
150 1500 0.0721569328285998 0 0 0.012696622875863555 0.01819041491106768 0.022424337650551032 0.030030200116962977 0.03612475551005461 0.030621538453602107 0.02215387102199299 0.014256388580360185
151 1510 0.06815769610621648 0 0 0.011892514233863595 0.017051276329913018 0.021210235769981076 0.02879849145763793 0.034889130633587985 0.029849981724363712 0.02057409486663392 0.013634091829906237
152 1520 0.0604281127199561 0 0 0.010511640888386502 0.014748287552556126 0.018398195565282313 0.025664453300317025 0.031060127358107568 0.026430263566739574 0.01816045375812097 0.011959408783736246
153 1530 0.059416936489938996 0 0 0.009812823187178403 0.014568557523143654 0.017891383587473688 0.02533495730930829 0.03173305090154956 0.027267544972242024 0.018104573745915696 0.011924328850441566
154 1540 0.059956121227695405 0 0 0.010114680562923029 0.014900881598606353 0.018062789711666867 0.025930378416675937 0.0317831342268781 0.02664202547527568 0.01809772083274095 0.011923828028668773
155 1550 0.05633845415205223 0 0 0.009301866606424883 0.013555027718439657 0.016738375843743103 0.02410205947270546 0.0299389017886772 0.02537296496881977 0.01696107245643778 0.011232649087086289
156 1560 0.056336052407367554 0 0 0.009267875836932542 0.013381514665543846 0.016364947880302336 0.02365144316603718 0.029584317289329896 0.02576117311314281 0.01679743979593569 0.011234224134984183
157 1570 0.05599756205163675 0 0 0.009217442709161989 0.012767798282113548 0.01583694938063273 0.02319396421692727 0.028339173473417228 0.025243938031948077 0.01677755446476987 0.011151844161978196
158 1580 0.06551491323828035 0 0 0.0106888830234575 0.014969582707163503 0.01917863087650014 0.028558708331840942 0.03588684698884291 0.03377571187300807 0.02362675493604664 0.012936150229039713
159 1590 0.07167208166055078 0 0 0.011489172665272256 0.01620586441198074 0.020492042700170757 0.030720583453863557 0.03869604812191531 0.03744705960095865 0.026899652068308237 0.01369353726015249
160 1600 0.07674069743199788 0 0 0.012686427897297814 0.017654384957800362 0.021972129377679527 0.031520192151631696 0.039761982594784334 0.038644588199619426 0.028233172218230792 0.01513948492747229
161 1610 0.07489345801394513 0 0 0.012152271953271234 0.01705325951087374 0.021498913700968805 0.030525014558883984 0.03776751586614251 0.036766566829699684 0.027658735293330138 0.014715384575923687
162 1620 0.075817880882687 0 0 0.012604478031392283 0.0167176403156875 0.02173695868757196 0.030683687750481425 0.03922657743591086 0.03800654026699598 0.028229814109859298 0.014712025463627137
163 1630 0.07100627892362088 0 0 0.01124879319094435 0.015369624518767184 0.019616094812494708 0.02673600836278075 0.034145784994476264 0.03434315180401711 0.02587886438516463 0.013899408541781066
164 1640 0.07049470670152648 0 0 0.011000410436764717 0.014972489003032203 0.019258270238464808 0.026026423295761526 0.03315483367159558 0.034882966215054836 0.026541167336309145 0.014813461634989223
165 1650 0.07399944270959938 0 0 0.011102031279037153 0.014498821647429681 0.019040767335772465 0.026343720500627155 0.034306483350815604 0.03714554795931412 0.029520875947525962 0.015819476962632646
166 1660 0.0752896119584579 0 0 0.010364807746880207 0.013493754111764043 0.01854356470794371 0.02593007728526738 0.034413695150761994 0.03819960575236327 0.030968720910037932 0.016293855402255912
167 1670 0.07597112968453716 0 0 0.010407851662511255 0.013166215524921856 0.01808133067716222 0.02527354707176537 0.03402501478759976 0.03821530781898442 0.030324499778388136 0.01721713069657826
168 1680 0.0732860467265199 0 0 0.010040786958542165 0.012503270989790071 0.017423007243432844 0.02424413076671565 0.033180252369368 0.03698385816963545 0.02918299995065482 0.01579116385297744
169 1690 0.0720179883010476 0 0 0.009845647182130022 0.012299566117269942 0.016581346378487134 0.02342627445529227 0.031531569576961065 0.036450117522988594 0.029393859045236496 0.016539193129583622
170 1700 0.06674961345894641 0 0 0.008971893327575746 0.01107938386458238 0.01518944627084277 0.021971597889295175 0.029340562222266723 0.03429872928719396 0.02751356296353898 0.015538872590522512
171 1710 0.06321152396743704 0 0 0.008291292926981194 0.010683453963070447 0.014548792122733299 0.02079127119910441 0.027404906419956618 0.03165924560877562 0.02541734283353995 0.01516369242599919
172 1720 0.06528583025446069 0 0 0.00841940290895251 0.010826071268795819 0.014924075001606484 0.021601892755671946 0.02859066157212521 0.03203822531060352 0.026750607281621448 0.01675343750204868
173 1730 0.06065262048875426 0 0 0.00776735708873753 0.009677843188105623 0.013574005392051653 0.019737245437663548 0.02644538795429085 0.029952296388635412 0.025130203620589653 0.016000988267632958
174 1740 0.06137575160705135 0 0 0.00818806727265949 0.009872419117096059 0.013507144728170847 0.019656631234632484 0.02665239891444619 0.03018981262495177 0.025793183336739606 0.016148066475604073
175 1750 0.05939185010960398 0 0 0.008098683982237674 0.009574251403722181 0.013262695867837383 0.019038227209340668 0.025844598021901765 0.02956444844834391 0.02501881716880889 0.015737301085850357
176 1760 0.05413544238539504 0 0 0.007079179034847208 0.008362716059596728 0.011844053559219586 0.016986862029275206 0.022840823943829615 0.027111328140810808 0.02297978500245579 0.014861236434281984
177 1770 0.05109206554372789 0 0 0.006574337164710582 0.007850630254862908 0.011057724914782912 0.015816201040012707 0.021273841827006933 0.025575232669488943 0.021984253737748257 0.014193503011744017
178 1780 0.05386696270413767 0 0 0.006850364065634465 0.008469845557558656 0.012072481101839097 0.01686991372231849 0.02260678810784562 0.02721956874205096 0.024621547509584243 0.015109538983887763
179 1790 0.05632109898303558 0 0 0.006951588346139357 0.008378004525530305 0.012294166088669957 0.016966628337938598 0.023109655710049568 0.027983364388862307 0.026427795573684996 0.015957097617215695
180 1800 0.060132451246779225 0 0 0.007228417200133575 0.008934571162664232 0.013084390762521889 0.01808826691643948 0.024639470726476608 0.030435438215823177 0.029589369701346957 0.018567994021115065
181 1810 0.0582629151212543 0 0 0.006962011925979867 0.008531853458409277 0.012516173107911567 0.01731658900664464 0.02369496673374127 0.029544792187890617 0.029464369332874874 0.01841993663254392
182 1820 0.052331418648394655 0 0 0.0061588496243960835 0.007585362576159187 0.011109522908233796 0.015464534267774234 0.02128513555847412 0.026176994487817587 0.02635071870241918 0.016353711056679033
183 1830 0.04901145707596718 0 0 0.005644961313367042 0.006983442438222589 0.010137179810771972 0.014239454879713136 0.019418773914246613 0.024128663397365854 0.023986534717673296 0.015216438495336753
184 1840 0.04553229664721674 0 0 0.005174428847671052 0.006414338254773748 0.008748099871896233 0.012285345513241005 0.0172672052216215 0.02193950049681274 0.02195813389991861 0.014387143254819892
185 1850 0.041764184554580516 0 0 0.004657118175244259 0.005790727156436981 0.00785818722112418 0.011205130269969098 0.015744068370735394 0.019703404443456127 0.01957643090571551 0.013006893825189917
186 1860 0.04286616525129285 0 0 0.004715995730969987 0.005910697155569403 0.007913873646818503 0.01140503187322279 0.015769354477741096 0.01972344657978169 0.020238265810891925 0.01333590034786557
187 1870 0.04891089688485296 0 0 0.005281996867633017 0.006513758768302495 0.008823092341495751 0.013042374541629199 0.01754224998463191 0.0220417609280781 0.023878923868786 0.016256509490765424
188 1880 0.05399221364783865 0 0 0.005784795395261797 0.006937191021449017 0.009605375139889256 0.01438587712953371 0.01923810689378393 0.02400840431117522 0.026716957473441716 0.018285444900349203
189 1890 0.06263792052425457 0 0 0.00671494540327206 0.007981868422898738 0.010914499054878454 0.01674682575442018 0.02225039837448078 0.02861327703481797 0.03153110624614154 0.02293780001432993
190 1900 0.06697517996682407 0 0 0.0071618074635123275 0.008483108484891817 0.011339480333601545 0.017110083230522075 0.022300835532667415 0.029533864348733636 0.03345503606531576 0.025447148764326005
191 1910 0.06176566342712592 0 0 0.006480260890076659 0.007442111409372472 0.010012595770993183 0.014833527765529476 0.019840385299412615 0.026709901823073253 0.030540090999634773 0.02311918710536947
192 1920 0.05908618935464375 0 0 0.006278856843922325 0.007290736476490376 0.009174812986049564 0.013735905518924792 0.018598164113354333 0.02565972344719693 0.029152442151830864 0.022105926306838247
193 1930 0.055387974972000174 0 0 0.005912585166403255 0.0064302135996592655 0.008730521591173645 0.013146103383883563 0.01721994639855599 0.02377661822003463 0.027410850433334393 0.020658024333097567
194 1940 0.0554714833729822 0 0 0.005607859032413198 0.0063161197666967836 0.008551775928330025 0.01302104631434344 0.017984897721531275 0.024694667520841703 0.028777253755407812 0.02155058460529579
195 1950 0.055812028016201304 0 0 0.00566646394434831 0.0063008947920177895 0.008102397220229448 0.012703923400755593 0.01703986883647439 0.024362006822888926 0.028507199745852328 0.021633245487218507
196 1960 0.050657193048646194 0 0 0.005176798086524804 0.00555450295237822 0.006951624298451447 0.010618120894401579 0.014950600822753566 0.022259875713336773 0.026453377890804063 0.020378512666383953
197 1970 0.04714247193188256 0 0 0.004802290500683494 0.004944192962368333 0.006442536155003932 0.00976235281867045 0.013632831660666322 0.02006511803918448 0.02440870731103165 0.01926107149395378
198 1980 0.04445237612265694 0 0 0.004565197858078141 0.004636107457024469 0.006029849078037568 0.009212498528106855 0.01326355464502856 0.019484966251948645 0.02331687659062389 0.018747684417975738
199 1990 0.045331014717655514 0 0 0.004831490374471003 0.0050254936102919565 0.006454509451927294 0.009764720985355552 0.014131480419374098 0.020649439465403558 0.02473493617028523 0.019865332473947193
200 2000 0.04163986561418637 0 0 0.00444260595878048 0.004505388233861193 0.005920035845184756 0.008913493773177992 0.01300818688839966 0.019055432117516282 0.022731925579102714 0.01800618470492499
201 2010 0.03720200077587378 0 0 0.003808395611011881 0.0038707502144733202 0.005173765404169221 0.0078112708698259235 0.011366986748595759 0.01669549218209488 0.019926680254983405 0.01608206827157796
202 2020 0.03716434443885964 0 0 0.0037066468161724643 0.0036834556372945786 0.005057420321636804 0.007752198409795982 0.011214881617119529 0.016443805015814147 0.020094608473173556 0.01629023959177152
203 2030 0.03574705097019089 0 0 0.0035896781498684677 0.0035383236553146236 0.004866388469846145 0.007282142719092017 0.010441273675006347 0.015060271656814997 0.018467548633677517 0.0147940274262266
204 2040 0.0348048461049665 0 0 0.003320746669082667 0.0032703230768773624 0.00470457473260603 0.007062373112868095 0.0102390692481587 0.01483759414289919 0.01824689280979822 0.014767859389823716
205 2050 0.03660892860670001 0 0 0.003405355359298649 0.003372003935213746 0.004851540209108465 0.007558462921998329 0.010926791085429375 0.015938700201715575 0.019706996858185246 0.01633176751569185
206 2060 0.03611526733120202 0 0 0.0032909633670773347 0.0032251660497706197 0.004743118440961205 0.007432170881254862 0.010485790773591942 0.015598472971022315 0.019684999907145284 0.01661147272740189
207 2070 0.041246266063645745 0 0 0.003695640041721844 0.003836617156755106 0.00547639164583231 0.008452304692703402 0.01197068161206452 0.018301964995427758 0.022970039002070217 0.02030797096715859
208 2080 0.0429994542242098 0 0 0.0038197415035463593 0.0040426377980979636 0.005700205069540827 0.008649262234489542 0.012138198131805415 0.018079437928794236 0.022540524141815725 0.020242897911040194
209 2090 0.04291475224902153 0 0 0.0037287680516218747 0.003737968914524051 0.005672527043568211 0.008638897328889143 0.012265025397328376 0.01828221508123187 0.022953305910413835 0.021013593826526355
210 2100 0.04999211746790882 0 0 0.004521656751288168 0.0043759121564271005 0.006439059310126351 0.00983252262313429 0.01439269190181811 0.02204933146901605 0.028391906470262487 0.025894605894964718
211 2110 0.05290943414143132 0 0 0.004793162220679632 0.004571516043091091 0.00673237867689025 0.010299575051658393 0.014875260734907166 0.022917908408920818 0.029472511435936103 0.027862640092215167
212 2120 0.05253261418767839 0 0 0.0045926836772786535 0.004525716299279685 0.0066479596589514595 0.010004109056762267 0.014254731473911457 0.021725159099978547 0.028577960651799943 0.027547697452129934
213 2130 0.055492725150404904 0 0 0.0047928252455493635 0.004804150079997362 0.007008643371859498 0.010259089154348856 0.014632573283421147 0.022972458341813416 0.03008657207735312 0.030745358985221585
214 2140 0.05755989350087216 0 0 0.004822070614907019 0.0047333551962599725 0.007154632262464723 0.010437007904140146 0.015482743850111636 0.024499750792811317 0.03280277965294499 0.03430879041856607
215 2150 0.059279566119446896 0 0 0.004820655959818748 0.004635106510183 0.007138168879180848 0.010507142646024412 0.015601604725737886 0.024673070069338325 0.033388890165816386 0.03613176154157007
216 2160 0.06321120474480385 0 0 0.005061134453005982 0.004787385891682558 0.007383675318868368 0.010574671074928826 0.016118124755182157 0.026092035704122853 0.036046807910751405 0.04040862627978357
217 2170 0.06050499787378888 0 0 0.00461515638395312 0.0045980402825164645 0.006960085191689092 0.010033336650101959 0.014914075853635063 0.024244661536076566 0.0341558977113078 0.03852879710528127
218 2180 0.06472398583586797 0 0 0.004680115554034572 0.004860137225843885 0.007365715922966803 0.010620389120061394 0.01564925724030303 0.025446416019600165 0.035757048661742834 0.041664018274178406
219 2190 0.061804162629967005 0 0 0.0044200332726541955 0.004687205779566156 0.00712165513804273 0.010208526868463522 0.015109830961849136 0.02459166439559253 0.034441997637174815 0.03966582587247427
220 2200 0.06011569752910992 0 0 0.004250307112740088 0.004526452051910149 0.0068365089661424384 0.009689901011455955 0.014526139556334626 0.02314977208326208 0.03245379776151765 0.036759217958115015
221 2210 0.05894574559847888 0 0 0.004133778816936965 0.004447303354520164 0.006713930634246701 0.00931280413775587 0.013432190892571265 0.021528861320580208 0.030172397483883957 0.034367615443645465
222 2220 0.05611630958033912 0 0 0.0038243556991507366 0.0043558966422534715 0.00628385896511762 0.008684073423620153 0.012634634367894373 0.020485630330254318 0.028717047446322662 0.03262929911679902
223 2230 0.054247986971844006 0 0 0.0038400984053286375 0.0042850270955562325 0.005963664713651499 0.008437308887937813 0.01212730685847077 0.019497125145743047 0.027388824592508385 0.031131982733472705
224 2240 0.052730788197874606 0 0 0.003790832702189253 0.004172184405002641 0.005845291145725479 0.008385381921847275 0.01208670011362112 0.019095596108212168 0.027585812470893215 0.031724759289889354
225 2250 0.05071084389089796 0 0 0.0034829375971324994 0.003925941860736315 0.0054641648049238815 0.007915623118645361 0.011351435860307634 0.018114298550008106 0.026346608918783734 0.030188243958381822
226 2260 0.04543281344223265 0 0 0.0031061568637398523 0.003530883022338792 0.004788712576304939 0.007042593015385644 0.01020470909106341 0.016210256125466376 0.023570275842633867 0.027088261160323163
227 2270 0.043863051424436535 0 0 0.002913110294910848 0.003336675248963197 0.004471691928318837 0.00666905661297767 0.009544457001963956 0.015006767403643529 0.021899086109132392 0.025465818956896858
228 2280 0.040009220750760806 0 0 0.002689720131751162 0.002999491893965272 0.004056005662398743 0.006097706308223883 0.008328591892865146 0.013052022419709715 0.018689534908641083 0.021944852617538764
229 2290 0.03570850994144893 0 0 0.0023872034911292467 0.0026147704875943514 0.003474094142746953 0.005315883030529052 0.00725239565656409 0.011331141077304333 0.016530146693371252 0.01960746900854141
230 2300 0.034716133591395214 0 0 0.002326429141561194 0.002545046539013847 0.003413796115942473 0.004846664792979766 0.00674528325661373 0.010359195489015772 0.015208515501539276 0.01811668969102085
231 2310 0.03353582368857198 0 0 0.0022666706754379267 0.0023938211297354116 0.0032647579993036846 0.004653833772786438 0.006491450186123678 0.009791312540270441 0.014329095514004823 0.017147094944209018
232 2320 0.03400158223022177 0 0 0.0022872408312848806 0.002356383814639319 0.0031607313474810027 0.004306565920501134 0.006325401037592567 0.0096373949137225 0.01435402385012637 0.01774148162457842
233 2330 0.03573436746582196 0 0 0.002355578641932875 0.0024690153200204812 0.0032920803453179957 0.004513190389525826 0.0067986912269276095 0.010721177439904998 0.015717515476769403 0.019522131970439754
234 2340 0.03877413609317598 0 0 0.0025463501541049265 0.002631961673145905 0.003498669200234165 0.004901559273767451 0.007440471504272391 0.012037500769085002 0.018069967242931872 0.02278118791274106
235 2350 0.04165265384544653 0 0 0.0027303792526177373 0.0028057711914397875 0.0035643321284647205 0.005173997778306243 0.0076895201501292355 0.012658758940917532 0.01986584612647463 0.025097090850904773
236 2360 0.045272355292135795 0 0 0.003145754634214381 0.0031661594008500714 0.004363284103661881 0.005750286743522278 0.008358397179496532 0.01366645602513164 0.021583214167421604 0.026962282215849512
237 2370 0.04625281728277339 0 0 0.0031914924490695994 0.00323094010306582 0.004514873750863576 0.005699082671051234 0.008225400142831626 0.013114173686626233 0.021243176811455673 0.02684774609269278
238 2380 0.045281028483660106 0 0 0.0030900302744416145 0.0031890121657542417 0.004367511030937963 0.005561497024219852 0.008113965556542582 0.01275545277889754 0.021081727257633194 0.02708781101953929
239 2390 0.04481005696570606 0 0 0.002920932382195094 0.003096204400208091 0.003962093632246942 0.005143911410004893 0.007553460434202987 0.012030063393448373 0.02006888079720747 0.026406518366807512
240 2400 0.04783544500416982 0 0 0.003155814419369375 0.0033717976337053453 0.004281430675861703 0.00534774963402563 0.007750022158108116 0.01211446167485795 0.020692081059979186 0.028088163375991078
241 2410 0.04613108401286792 0 0 0.0030163625101225274 0.003224626316231264 0.004098771230722231 0.005100156434471216 0.007223599724979953 0.011525502064048477 0.019445026530581836 0.02721483014969669
242 2420 0.04320790105678127 0 0 0.002806636481170025 0.0029468352899310775 0.0037944248586180103 0.004603813519273873 0.006512840618136228 0.010442478697101827 0.01777670014704951 0.025690295851306433
243 2430 0.040124744458918234 0 0 0.0026016647832401494 0.0026963742744251797 0.0034260201609010877 0.004164815026923189 0.005897069902945759 0.009408608965885893 0.016482593755447708 0.024104145090619564
244 2440 0.03751113661442908 0 0 0.0024445871542836182 0.0025159172834474243 0.003084339373114081 0.003832808206607282 0.005434283381445838 0.008623149102938566 0.015393007498012532 0.022558467489021475
245 2450 0.031875349353343026 0 0 0.0020840689412297427 0.002140841190182109 0.0026161810135563947 0.003185025406950533 0.0045728427486844084 0.007338234000599082 0.013122893456224206 0.01933727788513396
246 2460 0.030961744219490633 0 0 0.001986414988863817 0.001991646437452798 0.0025079325088064658 0.0030270849944432315 0.004229943058671422 0.0069113340364820594 0.0126022744359828 0.018834461340969652
247 2470 0.03258988180841595 0 0 0.00201743819402246 0.002017576597437133 0.002576796436028004 0.0031381539358492794 0.004384049704903098 0.007414227815006048 0.01348470904846563 0.02032468953157076
248 2480 0.039181229474938545 0 0 0.0024331557228782514 0.0023966261328651735 0.0030596359848480796 0.0038757078750880263 0.005403206397527307 0.009395716998898084 0.017087610305668372 0.0260003750323152
249 2490 0.042203671166017594 0 0 0.0025219008876807107 0.002515823417481885 0.0030512009224075193 0.004063271966427892 0.005705019843255075 0.010070060129881155 0.018343308735449787 0.02790087069565968
250 2500 0.04479052251892212 0 0 0.0025895821170457385 0.0026157809679191076 0.003273306644520728 0.004487252689440902 0.006368579750398609 0.011009639965026555 0.020367459148356776 0.03145610991467615
251 2510 0.0465722848398122 0 0 0.0026341726504485632 0.002667465090715677 0.00332279745393425 0.004598290126839866 0.006467387193921836 0.011232309810808881 0.02086097157006126 0.032940264332607674
252 2520 0.0451200739427896 0 0 0.0025723947339915897 0.0026084407624069068 0.0032282147677950837 0.004378930048358572 0.0063085167807165774 0.010951515776285222 0.0202080143482568 0.03200886671302861
253 2530 0.05105261546164083 0 0 0.0029342834056553715 0.0029567823870442745 0.00350008167407858 0.0049266541734895655 0.007418331850099335 0.013158168091507555 0.024135530615844534 0.039141681790242584
254 2540 0.04594168531775235 0 0 0.0025866200664014945 0.002577576385293283 0.0029826288242878994 0.004417208571272686 0.006863170202657124 0.012134513393819246 0.022259094041233794 0.03623459636295969
255 2550 0.04110796875227311 0 0 0.002299252136449503 0.0023207675613164573 0.002666336212918131 0.003823410390216194 0.006102020780927831 0.010781493742433269 0.019822396208173644 0.032371314300364155
256 2560 0.03788836018109872 0 0 0.0021464346200874163 0.0021514421444593576 0.0024497089264717675 0.0035018465550507643 0.005553532606358938 0.009858632549081696 0.018243688116146975 0.029761229421552116
257 2570 0.03525738563945196 0 0 0.0020088317025578543 0.0020054216491446775 0.0022342929204619893 0.0030033526166562134 0.00499968111524231 0.00880639576791179 0.01630712704197508 0.027079231350080595
258 2580 0.033348271041612615 0 0 0.0018650707118897881 0.00188482730359002 0.002047320988065066 0.00276858908495095 0.004680412067105904 0.008385750436961504 0.015379370785880914 0.0256970629895049
259 2590 0.03164783712311052 0 0 0.0017005304862305146 0.0017077787734853928 0.0018740190256891535 0.002577034667835355 0.004398989418807559 0.00785191296495986 0.01456699745266506 0.024390086425110907
260 2600 0.03234556660140802 0 0 0.001700495371878496 0.0017294573716121707 0.0019144721286552518 0.0026940563584280388 0.004571168969978367 0.008248517545343548 0.015124094496542612 0.025825456548909977
261 2610 0.032990735131151624 0 0 0.0017192387484572973 0.0018148079531203362 0.001951023233630266 0.00280880322363776 0.004867629625404118 0.00871369087874032 0.01588777070244569 0.026964102638848245
262 2620 0.03536866848858823 0 0 0.0018318593295802983 0.0018651786463834059 0.0020321688690281116 0.0029753947404246293 0.005172040097145142 0.009213440686494621 0.01668531005798084 0.02875390586853518
263 2630 0.03643014861270977 0 0 0.0018968724590551355 0.0019204027856127139 0.002037531706006825 0.003070226232696459 0.005371866074377907 0.009532070590670592 0.017330312121627306 0.030432531730234354
264 2640 0.032981750117244 0 0 0.0016776779774889548 0.0016734774064193902 0.0018659347151442742 0.002844293567217407 0.004960332705483323 0.008756409422080752 0.01600972748645374 0.0281344076565726
265 2650 0.03205180259540465 0 0 0.0016034606296972743 0.0016084519850781797 0.0018208484545042666 0.0028351981985197915 0.00491671761262404 0.008558898754114 0.015638612613950352 0.027583255372403026
266 2660 0.030481325930746227 0 0 0.0015120027112120768 0.0015325932752417919 0.0017942652885257371 0.0027190875615841765 0.004718505771596285 0.008194209735362891 0.014933348896949045 0.026397467235542576
267 2670 0.02742244949484061 0 0 0.0013353376520332326 0.0013542798456616329 0.0015863168138614944 0.002382860342991359 0.004230641185906458 0.007326341284970577 0.013254439126742562 0.023424040030465703
268 2680 0.026472141091490587 0 0 0.001288724368665594 0.0012793070275733927 0.0015389284805051033 0.0022846189900493532 0.004055273895155797 0.007075442649460137 0.012832242714675176 0.022709927201167865
269 2690 0.02391628739210623 0 0 0.0011725824716793008 0.0011450018024216297 0.0013576310032892454 0.0020077750821202232 0.0036753247655638126 0.0064585915282653495 0.011707365514159981 0.020776678929710968
270 2700 0.023535340000303284 0 0 0.0011496928050111427 0.0011175086194452808 0.0013515790099881428 0.001960726309435772 0.003545040989114434 0.006262068053600989 0.0114475471060087 0.020509834637833475
271 2710 0.024740463136057832 0 0 0.0011777489081362 0.0012074240595174811 0.0014418270036013832 0.0020607063314089613 0.003741312653432901 0.006595653378545748 0.012149547969392013 0.021884193616874065
272 2720 0.02562689955648567 0 0 0.0012071509201317186 0.001210290713416002 0.0014589438372890372 0.0020903701375531874 0.0038084694192055293 0.006763590347670426 0.012555379971165837 0.0228013175974632
273 2730 0.024968349969492966 0 0 0.0011627857031167325 0.0011841649875048424 0.0014247121802496271 0.002026090441018982 0.0036877047154839095 0.006462930972596921 0.012035621623909485 0.022005848867231795
274 2740 0.023783776028883236 0 0 0.0011160203442336916 0.0011626148080455373 0.001377539710776198 0.0019858889668818882 0.003557270010876458 0.006274308257881399 0.011684787590680716 0.021442234776177498
275 2750 0.021956948152613964 0 0 0.000982574459281657 0.0010768368670387488 0.0012802450128669841 0.0018445503145814355 0.003269251819243998 0.00576975687279891 0.010697342742411112 0.019744882908350466
276 2760 0.019853032287304676 0 0 0.0008396122646282732 0.0009497764860997258 0.0011244940969079176 0.0016031375830709313 0.002840568547792561 0.005064697329422767 0.009411724391455057 0.01742702771686556
277 2770 0.01986494865305335 0 0 0.0008506409404507615 0.0008903528254246192 0.001135329594520696 0.001646195808019691 0.0029600246344754404 0.005364018582870577 0.009992899235742125 0.01859737802980585
278 2780 0.02051037427114085 0 0 0.0009142593446224202 0.0009267885933428933 0.001163271858117418 0.0017065311591471523 0.0031354900150638593 0.005596052549296173 0.010432931775436022 0.01955886614645015
279 2790 0.021598729439023454 0 0 0.000978196691897168 0.0009994563387372836 0.0012005946861351193 0.0017401979988257287 0.0031214447636738847 0.005725224133310765 0.010814276797391177 0.020522328696741678
280 2800 0.020430894962905333 0 0 0.0008766209254949353 0.0009219978229871157 0.0011001355073537956 0.001613349541120126 0.0028307105982665055 0.005257715205565984 0.009987188779052993 0.019029505936396497
281 2810 0.019815835603473827 0 0 0.0008310646459219035 0.0008755751900638239 0.0010638654375855763 0.0015572169150222495 0.0027193590580903496 0.005011601219713044 0.009518187445807826 0.018032525519831765
282 2820 0.01939844684853697 0 0 0.0007958570784273315 0.0008152329620621393 0.0010007064223135987 0.0014950078766302422 0.002639051604375676 0.004851049681396801 0.00921179295038396 0.017404114956488425
283 2830 0.016400350682613658 0 0 0.0006552777594331326 0.0006525322559051978 0.0008354951195382332 0.0012383216008743005 0.0021872524276031545 0.003962607446761473 0.007544168911227441 0.014254087645093151
284 2840 0.015715404471732402 0 0 0.000613586934600345 0.0006132732547145194 0.0008116786226794977 0.001142332035265363 0.001983980472545734 0.0036357298393868034 0.006879600533959314 0.013058078318032173
285 2850 0.01402599845661596 0 0 0.000537828612527501 0.0005445362962399089 0.0006967885578288903 0.0010146102310130494 0.0017513544521086377 0.0031789655706925147 0.006070083700825426 0.011575263908109834
286 2860 0.012836891978426886 0 0 0.00048418431810116463 0.0004919403679146888 0.0006274113653489748 0.0008823469417991927 0.001553160695735365 0.0027876341823891084 0.005363139363999933 0.010271356830189345
287 2870 0.011201823168489044 0 0 0.0004149543468357375 0.0004381510080541029 0.0005438166114138678 0.0007510856358104674 0.0013350781705545763 0.002419077443516335 0.004641320323315051 0.008875277048563725
288 2880 0.010786359909973103 0 0 0.0003888407746075387 0.00042192125278373553 0.000512919760458234 0.0007128827896526641 0.0012665926233235035 0.002303970092475752 0.004418007312315872 0.008439881789310207
289 2890 0.009869087094439104 0 0 0.0003403199773433597 0.0003574418693906271 0.000473384992545906 0.0006525707988268238 0.0011725065552491436 0.002134997497345272 0.004085114831664998 0.007800970042523844
290 2900 0.009302967279202164 0 0 0.0003193647461529518 0.00032822705086581335 0.00043130558260886007 0.0006000322401098968 0.0010364915082733276 0.0019176201517954242 0.003699748216391906 0.007122393802691559
291 2910 0.008210190009358383 0 0 0.0002696938076050359 0.0002877400169996228 0.0003780973171942362 0.0005328354877664912 0.0009165879808368994 0.001691009844598467 0.003259487837641824 0.00624990595517818
292 2920 0.007281170312771228 0 0 0.00022769071755911297 0.0002431630110631919 0.000323368102081951 0.0004590318701897537 0.0007929708698354164 0.0014918662438513327 0.0028791257082748604 0.005541973165451943
293 2930 0.0067378595533547645 0 0 0.00020984771323488618 0.00022434569153048875 0.0002944600847831902 0.00041884952135981817 0.000724902960765709 0.0013645560390773163 0.002683331333197807 0.005183683113270893
294 2940 0.006353492056736846 0 0 0.0001947128432059982 0.00020325834306594127 0.0002729161130144572 0.00040092969301780797 0.0006964398982872085 0.0013228412422692825 0.0026077708972242963 0.005030643812974324
295 2950 0.005697189417516869 0 0 0.00017295766593457498 0.00018356183367218538 0.00023863721299947332 0.00034627752947596565 0.0006184828779952764 0.001177488276751213 0.0023320102887415847 0.004530929633327987
296 2960 0.005066358920801301 0 0 0.00015318551397408922 0.00016137604843944494 0.0002058127346448631 0.0003074280052060709 0.0005483382492405023 0.001028246541909316 0.0020357357349539114 0.003954898515424488
297 2970 0.004130210320181548 0 0 0.0001235854543455423 0.00013163571346602339 0.00016723597850305642 0.00024836871578797463 0.00043924997855909515 0.0008110809968369053 0.0016111619102404887 0.0031409448305093146
298 2980 0.003911611745507182 0 0 0.00011482789531235685 0.0001239411852544407 0.00014769729147870198 0.00023045587519817263 0.0003987529263397262 0.0007352653521174982 0.001457983101400642 0.0028464565893387434
299 2990 0.0037866500256539975 0 0 0.00011079770287934199 0.00011966553710987275 0.0001420511591520703 0.0002272370778406643 0.00038455930521313534 0.0007175838676033402 0.0014237186524036205 0.0027921382792201873
300 3000 0.0035342637966496136 0 0 0.00010630872663595627 0.0001099871776583003 0.00013286035144476088 0.0002082032700953372 0.00034951761223352417 0.0006394977073868454 0.0012733840522839365 0.00249345844366927
301 3010 0.003295716775968735 0 0 0.00010022729571625437 0.00010160800540944798 0.00011966395330558963 0.00018694757777487335 0.00031830194518507935 0.0005936510466368012 0.0011829677907451385 0.0023351758994524536
302 3020 0.00307623628345656 0 0 9.388389033228321e-05 9.27032551038786e-05 0.00010987157024963098 0.00017550100049234504 0.0002994073654840211 0.0005584358855482002 0.0011113379568243168 0.0021960986021143923
303 3030 0.002978525270662705 0 0 8.749966488484907e-05 8.755543663854827e-05 0.00010513411081208729 0.00017203105193129496 0.00029242714783165924 0.000547142557719804 0.0010822421709577945 0.0021429428530639447
304 3040 0.0028072920613008887 0 0 8.331275793587594e-05 8.272823417892939e-05 9.783825922258279e-05 0.00015664750147888432 0.0002685899674037032 0.0005067159757121421 0.000998366215670624 0.0019741731360444024
305 3050 0.002508675717088728 0 0 7.055574353513708e-05 7.21771084291352e-05 8.530769740872454e-05 0.00013657849529403497 0.00023479645233024125 0.0004446308050803819 0.0008819276790060051 0.0017443355105855663
306 3060 0.0022819886901157965 0 0 6.42622417447771e-05 6.437342896862065e-05 7.474640805719504e-05 0.0001234278526040583 0.00021239461294381265 0.0004011921943738578 0.0007919120637330207 0.001567349026528837
307 3070 0.0018941033307691662 0 0 5.240807997165542e-05 5.2952044483279884e-05 6.182023135961642e-05 9.911987001347164e-05 0.00017323348350757834 0.00032818934092844796 0.0006489869691206895 0.0012864424408076719
308 3080 0.0016062320053601812 0 0 4.421036303632817e-05 4.263292672512724e-05 5.191175836293934e-05 8.224020355217869e-05 0.00014186358149155108 0.00026763409486003773 0.000529321387085514 0.0010463916663939223
309 3090 0.0014111653554533502 0 0 3.785605367812057e-05 3.7081027271713546e-05 4.5250295494209175e-05 7.247578119389729e-05 0.0001249598537250747 0.00023462410807374647 0.0004642138451295013 0.000918573997165764
310 3100 0.0012330635074318853 0 0 3.2302891357405987e-05 3.25752350918526e-05 3.890776000403059e-05 6.266905967137298e-05 0.00010719640830857203 0.0002012731291194465 0.00040025078814176496 0.0007967537138608811
311 3110 0.0012131588389007106 0 0 3.080476294737969e-05 3.1618628979095385e-05 3.820721131647191e-05 5.95974056661043e-05 0.00010228522399348641 0.00019358396398022165 0.00038497378275991796 0.0007649540993412308
312 3120 0.0011263387075475815 0 0 2.86444257533831e-05 2.922899300251174e-05 3.494385550945652e-05 5.267768443276579e-05 9.023312776784177e-05 0.0001699262690322876 0.0003363105499652135 0.0006659576836036649
313 3130 0.0009658534087202564 0 0 2.4193941118027408e-05 2.5165876554025582e-05 2.839975643553424e-05 4.4152840234216e-05 7.517788233664665e-05 0.0001422573498381697 0.000281461549110046 0.0005609360564690193
314 3140 0.0008727977636961042 0 0 2.1444666246122508e-05 2.2896198761828633e-05 2.5789845876757666e-05 3.983488469859394e-05 6.716307939263429e-05 0.00012829852095357447 0.00025457581674101016 0.000508487643025415
315 3150 0.0008098476629238155 0 0 1.9533557317858175e-05 2.120385213025455e-05 2.3226540196353447e-05 3.705346823819706e-05 6.170410169658173e-05 0.00011808165079916092 0.00023370010934220626 0.0004658800305681248
316 3160 0.0007900458227862774 0 0 1.8414701778800995e-05 2.0907008698337655e-05 2.4361549104776127e-05 3.708603489453154e-05 6.334898576606179e-05 0.00011939912064603735 0.0002345235661109562 0.0004685146133481538
317 3170 0.0006897904767048287 0 0 1.5925073439949855e-05 1.8398136848798253e-05 2.06544071057869e-05 3.228930159298367e-05 5.472586807340072e-05 0.00010317555501596239 0.00020180712071404596 0.00040243599845284154
318 3180 0.0006713903516585209 0 0 1.5474937459732185e-05 1.6813125615792765e-05 1.940358967278107e-05 3.025728677673323e-05 5.1120946261287465e-05 9.634542637656647e-05 0.00018748390482393936 0.00037345611537126445
319 3190 0.0006341565067078031 0 0 1.437909660687269e-05 1.56554418066744e-05 1.8526169675192023e-05 2.8208654778715997e-05 4.784240136619114e-05 8.941068609516644e-05 0.0001743439081100523 0.0003458678130741764
320 3200 0.0005392013477869716 0 0 1.191639580295689e-05 1.2960475662008375e-05 1.5110378673150561e-05 2.3228261561861873e-05 4.057974724292824e-05 7.573408857090662e-05 0.0001474585339661619 0.0002922277268590565
321 3210 0.0004971778615003889 0 0 1.1219820685316487e-05 1.1834158401423475e-05 1.3616479026724886e-05 2.098471201677118e-05 3.643576875937872e-05 6.867920824575019e-05 0.00013458147294334772 0.0002673176948000708
322 3220 0.0004511289859601669 0 0 1.0058607651053452e-05 1.06539662014768e-05 1.1835756232536664e-05 1.861997163092757e-05 3.2343536298464004e-05 6.086909867868131e-05 0.0001192542991026697 0.0002378283700360497
323 3230 0.00043648558398325007 0 0 9.251757727638494e-06 1.0148914867125174e-05 1.0912676773672463e-05 1.806201242254651e-05 3.034417941344607e-05 5.821045124977259e-05 0.00011414544670724667 0.00022850537340110119
324 3240 0.0004198664536819285 0 0 8.893454174720723e-06 9.520694138527131e-06 1.0403449915765277e-05 1.693245134623847e-05 2.84136715994308e-05 5.522562093546287e-05 0.0001084739170874315 0.0002162511092850508
325 3250 0.0004204488963497734 0 0 8.928624670611141e-06 9.30889052331709e-06 1.0835323713678727e-05 1.6668223740278312e-05 2.7356630086232308e-05 5.454053050980611e-05 0.00010712488488532215 0.00021399827794345294
326 3260 0.00044517245046260854 0 0 9.580356711849123e-06 9.521715836639208e-06 1.1585601162081703e-05 1.737696281293242e-05 2.8724893788043368e-05 5.8814526776673256e-05 0.00011633834636093659 0.0002332923687199746
327 3270 0.0004499562995111225 0 0 9.9117195455751e-06 9.295019223581936e-06 1.1854776392606786e-05 1.7951647647804267e-05 2.9698021849559508e-05 6.062772323614335e-05 0.00012017194528309559 0.00024174802349336976
328 3280 0.00044012420404593316 0 0 9.996128421580165e-06 8.970497298442716e-06 1.1542802637570056e-05 1.733208094882537e-05 2.8226507281128762e-05 5.802215574487299e-05 0.00011360669701877276 0.000229650095610513
329 3290 0.0004534493391912914 0 0 9.674288621493537e-06 9.119864046985216e-06 1.1908423418887763e-05 1.7918943786012456e-05 2.8891815721170734e-05 5.930606989351039e-05 0.00011628590224795647 0.00023516375825149275
330 3300 0.00041689113645939984 0 0 9.016980828825592e-06 8.420420953793096e-06 1.087494383913341e-05 1.6099703542464954e-05 2.620662268178011e-05 5.38861885591679e-05 0.00010515633377874091 0.00021321116878139572
331 3310 0.00036452693490753165 0 0 7.726931540090659e-06 7.427263401967525e-06 9.388068739125449e-06 1.3843170977808691e-05 2.3252429781236228e-05 4.6985161678108494e-05 9.09904937215402e-05 0.00018371370363651335
332 3320 0.00033289411611878904 0 0 6.886863910480056e-06 6.738701231647587e-06 8.56556919039571e-06 1.2945295821846525e-05 2.140809461994837e-05 4.2889635031273506e-05 8.261362781255603e-05 0.00016664013216033822
333 3330 0.0002966144860850603 0 0 5.792404513576738e-06 5.874743621640213e-06 7.465620604422342e-06 1.1328250479915083e-05 1.8448488437152527e-05 3.701759713075183e-05 7.27372776574706e-05 0.0001464270366201831
334 3340 0.0002678470638787195 0 0 5.296462557824751e-06 5.150991663724992e-06 6.4278650560002975e-06 1.0026683502955742e-05 1.6149681924786642e-05 3.240899028001073e-05 6.399748847730471e-05 0.00012934380151559546
335 3350 0.0002496518721886858 0 0 4.995294893838699e-06 4.814328467021953e-06 6.049528840732048e-06 9.031989673325942e-06 1.4640598527491658e-05 2.9204028617911735e-05 5.7487610626052855e-05 0.00011600746721232333
336 3360 0.0002137493266869439 0 0 4.283246346155753e-06 4.070800278853188e-06 5.119095100603529e-06 7.473802664964815e-06 1.2612146430992137e-05 2.4874341068785586e-05 4.887958745477702e-05 9.84770566351085e-05
337 3370 0.0001947126069919547 0 0 3.8892462079505094e-06 3.6386608134601308e-06 4.6622287262152804e-06 6.757214930651104e-06 1.1353103768744671e-05 2.235705708763615e-05 4.426022047522509e-05 8.915044584384955e-05
338 3380 0.00018280792357890083 0 0 3.6459749940306376e-06 3.2309434590350253e-06 3.892768083394751e-06 5.846178364268863e-06 9.957602455669624e-06 1.9773710448705232e-05 3.938810521004079e-05 7.95878596867511e-05
339 3390 0.0001604267745777863 0 0 3.1155975004360874e-06 2.7829134024055473e-06 3.3665545544844213e-06 5.031118260894282e-06 8.362696014839298e-06 1.6635926154044534e-05 3.295392859950016e-05 6.658894601567878e-05
340 3400 0.00014816872020418054 0 0 2.7751494171101947e-06 2.5884228248199125e-06 3.1494800505424695e-06 4.651565394649875e-06 7.711759283229253e-06 1.5418789365859248e-05 3.0469749463442718e-05 6.126278033749003e-05
341 3410 0.00012913766311117289 0 0 2.385490096112247e-06 2.2039481774140733e-06 2.7344942363832423e-06 4.0022567845498495e-06 6.691755537595282e-06 1.3303186280011013e-05 2.616190538263104e-05 5.2526639137722386e-05
342 3420 0.00011407373939517831 0 0 2.107743331431957e-06 1.9243893232649126e-06 2.4075755305467073e-06 3.4598307964622405e-06 5.821985903724708e-06 1.1594979929313983e-05 2.297182421807505e-05 4.619487771483292e-05
343 3430 0.00010178327306897013 0 0 1.8739984964470532e-06 1.7079453090969534e-06 2.142819877301874e-06 3.0605509380714333e-06 5.074386123110925e-06 1.0227270265082138e-05 2.0175376851065042e-05 4.041415909607382e-05
344 3440 9.168428568249219e-05 0 0 1.6961134452284902e-06 1.5548729301746694e-06 1.910004965577155e-06 2.733136871326446e-06 4.403091330590729e-06 9.001479778351016e-06 1.786486099740157e-05 3.5735301522596275e-05
345 3450 8.663452351999584e-05 0 0 1.6089068578955077e-06 1.4673588719951635e-06 1.8087447837146051e-06 2.684114774485425e-06 4.331331636143135e-06 8.767357435505038e-06 1.7630204016824053e-05 3.51793707640725e-05
346 3460 7.593090677416739e-05 0 0 1.4110297891947774e-06 1.2728266683846371e-06 1.5753570031159878e-06 2.3618935978174776e-06 3.7915909832484363e-06 7.691488304403617e-06 1.5383956180319657e-05 3.069015913135244e-05
347 3470 6.466276568909459e-05 0 0 1.173368834910929e-06 1.050966419931892e-06 1.3021615543615874e-06 1.8916215280452063e-06 3.1001078681866864e-06 6.342156528364709e-06 1.2503834100201235e-05 2.5035923883977067e-05
348 3480 6.294595644016507e-05 0 0 1.1697544958228919e-06 1.020952662989478e-06 1.2583981694680648e-06 1.8397446918760169e-06 3.0573570381475146e-06 6.192636188158975e-06 1.2176107015106497e-05 2.4421228899294893e-05
349 3490 6.502868864330558e-05 0 0 1.2014005103354282e-06 1.0399725976199087e-06 1.3136608998024358e-06 1.9254353538335707e-06 3.2422336697033496e-06 6.524871555298195e-06 1.2910762995899433e-05 2.590467233394793e-05
350 3500 6.052818867329219e-05 0 0 1.1063500586337939e-06 9.731937338825326e-07 1.2431163320139353e-06 1.7853711454138528e-06 2.9479071365347863e-06 5.963227532095052e-06 1.1889439318085957e-05 2.3927428507594428e-05
351 3510 5.516238430900374e-05 0 0 9.598921550723793e-07 9.007509362871149e-07 1.1208694457877256e-06 1.6177550047792456e-06 2.6700485257103896e-06 5.4581279692236764e-06 1.0898631657363457e-05 2.195224235606725e-05
352 3520 5.313497999521948e-05 0 0 9.215195299854984e-07 8.748840656605646e-07 1.0813334150548826e-06 1.550300712225305e-06 2.5511622076474233e-06 5.127404398167114e-06 1.016601530197824e-05 2.0431282593304658e-05
353 3530 4.95834709003405e-05 0 0 8.327446485838652e-07 8.159594379917585e-07 9.777651784825285e-07 1.4120395289102195e-06 2.352637538115195e-06 4.6751979503429765e-06 9.23071532299994e-06 1.857149616049076e-05
354 3540 4.682873731989163e-05 0 0 7.568506661840752e-07 7.26809655331235e-07 9.023793108471448e-07 1.3505109723376426e-06 2.2733664757193285e-06 4.565121719197024e-06 8.986426071147546e-06 1.8134465317804578e-05
355 3550 4.21536656032163e-05 0 0 6.617035303648168e-07 6.186805634864212e-07 7.923730584154332e-07 1.2155850089561502e-06 2.0481607363277522e-06 4.1385016374644775e-06 8.152153739485141e-06 1.6473832537709053e-05
356 3560 3.871645777181748e-05 0 0 5.795269955928084e-07 5.660499824687193e-07 7.286687802480397e-07 1.0905256543591708e-06 1.8516792088120598e-06 3.742398401787089e-06 7.351572293879295e-06 1.4835822610335433e-05
357 3570 3.5639964394372935e-05 0 0 5.326870443590824e-07 5.209676947667419e-07 6.530712170744503e-07 9.802599543619206e-07 1.6648282491877472e-06 3.398608606301265e-06 6.673810069213411e-06 1.3480809178248766e-05
358 3580 3.417204262683932e-05 0 0 5.067894504163513e-07 5.075213733377618e-07 6.004808579705094e-07 8.927869700773301e-07 1.536972199486546e-06 3.1451037160888056e-06 6.112443821638132e-06 1.2272053050510606e-05
359 3590 3.0747550298274494e-05 0 0 4.484358203597408e-07 4.5098854417161115e-07 5.202963878449482e-07 7.775349984353167e-07 1.38914541515282e-06 2.824614349872561e-06 5.476796144964383e-06 1.0979620082138264e-05
360 3600 3.082474866555191e-05 0 0 4.338478743976779e-07 4.4139179368803184e-07 5.183853913425145e-07 7.680869250172439e-07 1.4198034208282598e-06 2.8300752162219918e-06 5.508769269079731e-06 1.1030746586940278e-05
361 3610 3.194745082923566e-05 0 0 4.721058789821712e-07 4.4612190189126023e-07 5.060936239896201e-07 7.719818445336055e-07 1.4355520465210417e-06 2.824169379980884e-06 5.540335625305168e-06 1.110904632540637e-05
362 3620 3.0446410667377192e-05 0 0 4.384011824409493e-07 4.202650009875698e-07 4.958123247586689e-07 7.476009627946601e-07 1.375526396406819e-06 2.7081894878965783e-06 5.325007617632654e-06 1.0673801557806116e-05
363 3630 2.9588667311079714e-05 0 0 4.381441137620719e-07 3.972146061346484e-07 4.899165230850787e-07 7.371797084553042e-07 1.2919948278157406e-06 2.5261672196315586e-06 4.99456027950238e-06 9.95990288949779e-06
364 3640 2.6872100279749934e-05 0 0 3.662851616394106e-07 3.5821910262946577e-07 4.381931078256635e-07 6.625903590019298e-07 1.178185728146171e-06 2.321149034416461e-06 4.591248351710296e-06 9.164680343832068e-06
365 3650 2.5579156705238104e-05 0 0 3.4563322019863133e-07 3.413937733896685e-07 4.039897474530266e-07 6.32895407940355e-07 1.1477796801167002e-06 2.2117768897810475e-06 4.3953860694554425e-06 8.790456600563774e-06
366 3660 2.293001013845871e-05 0 0 3.157809956967193e-07 3.0857544906470303e-07 3.6014136787919154e-07 5.526437856484997e-07 1.0155501204547256e-06 1.9730540123414964e-06 3.917410102809953e-06 7.842825937981676e-06
367 3670 2.1830032766203846e-05 0 0 2.983145460467448e-07 2.8560489137507865e-07 3.418171607623713e-07 5.287552289914146e-07 9.920221215578346e-07 1.919726442347589e-06 3.829789937868792e-06 7.671404571481568e-06
368 3680 1.8907014864833065e-05 0 0 2.509840316595489e-07 2.394168032582114e-07 2.909779286447687e-07 4.363423139773318e-07 8.045878131644843e-07 1.5692418178023917e-06 3.1299292603004965e-06 6.265807233749323e-06
369 3690 1.7738879798639278e-05 0 0 2.3802807175509833e-07 2.209148953829009e-07 2.773677698534903e-07 4.068974616899138e-07 7.614919059303436e-07 1.4763654032440898e-06 2.9570514707864307e-06 5.9233784229875716e-06
370 3700 1.71324601113042e-05 0 0 2.2012388519634232e-07 2.2092961535818282e-07 2.702457680460029e-07 3.918304561215542e-07 7.14870047408968e-07 1.4015423297446148e-06 2.7964165626961495e-06 5.603131028112121e-06
371 3710 1.5956817829515583e-05 0 0 2.077125133684087e-07 2.0848839298057036e-07 2.5429228363140653e-07 3.6400354083924623e-07 6.560193918771043e-07 1.2808641984874565e-06 2.5455975863199703e-06 5.084870572030176e-06
372 3720 1.5003878338706978e-05 0 0 1.934747858455453e-07 1.9350771344995772e-07 2.3903782949564976e-07 3.4268971971833015e-07 6.080630273050981e-07 1.202430599230674e-06 2.378818578785124e-06 4.743638401195472e-06
373 3730 1.3327102296710182e-05 0 0 1.684813075444547e-07 1.6484069868717245e-07 2.0838431840391053e-07 3.006630088626952e-07 5.106092127850111e-07 1.012683813058171e-06 2.0051858071276785e-06 4.007856726336666e-06
374 3740 1.1616256274208403e-05 0 0 1.367616520383646e-07 1.4091442219479202e-07 1.7895892055440385e-07 2.64164498671048e-07 4.4787254882836617e-07 8.848781451315066e-07 1.752877272870779e-06 3.4986263977776307e-06
375 3750 1.0090187585828317e-05 0 0 1.1701251474418715e-07 1.214217088898387e-07 1.5503872524922597e-07 2.2812312620340868e-07 3.869572410502798e-07 7.630068172386107e-07 1.504417764671643e-06 3.0045529123960966e-06
376 3760 9.267034147204146e-06 0 0 1.0311352504038234e-07 1.11217831973164e-07 1.416579114310988e-07 2.103478358468167e-07 3.553856347266649e-07 7.042820958982316e-07 1.3916346387643911e-06 2.7861204723107993e-06
377 3770 9.216503624010155e-06 0 0 1.0380464064681493e-07 1.0910271677610447e-07 1.3762752287380078e-07 2.0754333635561503e-07 3.557301613774804e-07 6.999754125613458e-07 1.3839969711910804e-06 2.76896175446437e-06
378 3780 8.246611365048956e-06 0 0 9.042165253088385e-08 9.697131639016835e-08 1.2197616075900106e-07 1.8436552623706403e-07 3.1179447791899417e-07 6.093523099905812e-07 1.2066942964963531e-06 2.410948591399828e-06
379 3790 8.46546271655951e-06 0 0 9.17213224639659e-08 9.895170246053984e-08 1.2044063219631468e-07 1.8352177207688533e-07 3.043343441361849e-07 6.067599486176787e-07 1.2094750566103143e-06 2.412712986534259e-06
380 3800 8.034909571323058e-06 0 0 8.681332299620918e-08 9.238885702725594e-08 1.0941485876363405e-07 1.719131400846907e-07 2.8580061907400654e-07 5.737657835688452e-07 1.1430209863524646e-06 2.2785328323660643e-06
381 3810 7.3316566800699616e-06 0 0 7.866522703287921e-08 8.526041533002085e-08 1.0012591409209471e-07 1.5472447021371082e-07 2.51595580038424e-07 5.107592187891346e-07 1.0178483140691951e-06 2.0309797076243555e-06
382 3820 6.545623591053897e-06 0 0 6.960533570577466e-08 7.53432414459007e-08 8.732518983694442e-08 1.3601304918373088e-07 2.184170739091524e-07 4.4741622230294395e-07 8.949904914015465e-07 1.7881564633188906e-06
383 3830 6.565400792551592e-06 0 0 6.610117928476743e-08 7.667601848637346e-08 8.617202479584274e-08 1.352804916665163e-07 2.199233939222825e-07 4.5053468066836806e-07 9.020612510618266e-07 1.8001684426072718e-06
384 3840 6.181775835693862e-06 0 0 5.8855575888048845e-08 6.883540608836175e-08 8.070683502720717e-08 1.2492266043731035e-07 2.079280806261171e-07 4.203802894767805e-07 8.410466251517765e-07 1.674944864019817e-06
385 3850 5.4986411121077945e-06 0 0 5.124940553047203e-08 6.092195434586726e-08 7.196027776362237e-08 1.1170608119867909e-07 1.8846685185287714e-07 3.821122155346791e-07 7.627938819206926e-07 1.5201480723680449e-06
386 3860 5.037512617222642e-06 0 0 4.5664013387414366e-08 5.4082937606873496e-08 6.507715534718557e-08 1.0044564418934882e-07 1.713132747329239e-07 3.464221717285893e-07 6.914654126140236e-07 1.3768850369278918e-06
387 3870 4.537687430552204e-06 0 0 4.059242343904663e-08 4.790301701766467e-08 5.576019767018116e-08 8.782076247975246e-08 1.4858608502059759e-07 2.989279033720634e-07 5.995228732128111e-07 1.1911107485865779e-06
388 3880 4.043746749489493e-06 0 0 3.521100945191932e-08 4.133668817765708e-08 4.944925880160333e-08 7.832138458348421e-08 1.3639095257898866e-07 2.7188951831027154e-07 5.48660757805218e-07 1.0913919026291692e-06
389 3890 3.7666871875598685e-06 0 0 3.2900743026054884e-08 3.862988164539271e-08 4.584034353167057e-08 7.255606393119373e-08 1.2801346430261018e-07 2.5357931527916986e-07 5.124481261684694e-07 1.016082791878578e-06
390 3900 3.5222055147976495e-06 0 0 3.043165730880375e-08 3.559264845445211e-08 4.2872717338601734e-08 6.689663487990224e-08 1.1770847191902247e-07 2.3344137342839936e-07 4.6887148579123616e-07 9.295490087090155e-07
391 3910 3.0597791323177873e-06 0 0 2.6336490941176046e-08 2.9764383901804547e-08 3.571120811506912e-08 5.530281929687494e-08 9.767758839661735e-08 1.9415455163657021e-07 3.874829968053735e-07 7.681450891615173e-07
392 3920 2.538324569710179e-06 0 0 2.1757547641081406e-08 2.4378972242422263e-08 2.846249401223065e-08 4.3241843986989575e-08 7.646296171925376e-08 1.5326473537673202e-07 3.0677310850539035e-07 6.09357289847698e-07
393 3930 2.2124886612846592e-06 0 0 1.8596772757626354e-08 2.1179358841820014e-08 2.50226511530151e-08 3.776314433988211e-08 6.737972093404901e-08 1.343609186189289e-07 2.677299790361087e-07 5.307896868666653e-07
394 3940 1.9754292174357393e-06 0 0 1.6265938629051177e-08 1.8866557404835755e-08 2.1222615464290245e-08 3.21734864132163e-08 5.6643392533820365e-08 1.1396806084516726e-07 2.2933036484719169e-07 4.5471667596497656e-07
395 3950 1.668803359768054e-06 0 0 1.3813184335917193e-08 1.6019053480659784e-08 1.745061663315203e-08 2.5900342062286148e-08 4.599347421201769e-08 9.376542676404052e-08 1.8840772441428133e-07 3.74579288265308e-07
396 3960 1.5232007733574168e-06 0 0 1.2648587550697636e-08 1.462739222043029e-08 1.6198835983376104e-08 2.2955424499049848e-08 4.175757989093856e-08 8.512328320667495e-08 1.71483940171158e-07 3.4111885531956674e-07
397 3970 1.397262203038789e-06 0 0 1.1540666990537226e-08 1.273916923153416e-08 1.4085812902337336e-08 1.9762558459260944e-08 3.6509080953933434e-08 7.537716495889056e-08 1.5177435157538874e-07 3.0267893775319574e-07
398 3980 1.3276946758932662e-06 0 0 1.0449267323095138e-08 1.1372739129527906e-08 1.3378768795047345e-08 1.855423546372047e-08 3.437487294469851e-08 7.168020317621006e-08 1.4405948958630967e-07 2.872560470776128e-07
399 3990 1.1548313051554878e-06 0 0 8.741141408418378e-09 9.349155845878783e-09 1.116734062730765e-08 1.543456273134581e-08 2.8424183159975614e-08 5.999773953081743e-08 1.2114841618647679e-07 2.416722516884998e-07
400 4000 1.0211768298840464e-06 0 0 7.726665425077338e-09 7.96575516014438e-09 9.474331805185547e-09 1.3012433934657138e-08 2.4177400868971495e-08 5.093929961731726e-08 1.0298711574121603e-07 2.0486595185032702e-07
401 4010 9.495635570345527e-07 0 0 7.075673050751278e-09 7.13853866866997e-09 8.610533630828982e-09 1.1840125599454222e-08 2.226006176951102e-08 4.7276310603242504e-08 9.535384408671129e-08 1.903042045533521e-07
402 4020 8.647440169047584e-07 0 0 6.217561357869913e-09 6.450396898753765e-09 7.706978087261439e-09 1.0706662578775098e-08 1.9833622593170042e-08 4.200121968924798e-08 8.48560551586205e-08 1.6980449880707405e-07
403 4030 8.041347342435977e-07 0 0 5.6236231555782995e-09 6.165480564967092e-09 7.361454164571144e-09 1.0071663088007017e-08 1.8454357711148572e-08 3.820686717979855e-08 7.735510968384671e-08 1.555291917194147e-07
404 4040 7.606254385471507e-07 0 0 5.102543842225269e-09 5.570025330229439e-09 6.835295717721877e-09 9.657465412168104e-09 1.7369237872984278e-08 3.562067501111969e-08 7.218848919030591e-08 1.4527458629169476e-07
405 4050 7.177342883119577e-07 0 0 4.86377345000625e-09 5.180908761161644e-09 6.197887859590097e-09 8.996301337659005e-09 1.559607271982254e-08 3.251426279531067e-08 6.560270509537732e-08 1.3223558430589514e-07
406 4060 6.411097144396688e-07 0 0 4.204339813711203e-09 4.5402087411761914e-09 5.50567735131626e-09 8.124737532076063e-09 1.3984689567391104e-08 2.9397912488734177e-08 5.9485458702189506e-08 1.195389240662708e-07
407 4070 6.099120287498761e-07 0 0 4.027482950737155e-09 4.366894742660645e-09 5.194718523362702e-09 7.513507656412183e-09 1.3267111968135484e-08 2.7647061927533085e-08 5.584607243475137e-08 1.121484868901395e-07
408 4080 5.560364049520783e-07 0 0 3.621836351378474e-09 3.957375049050568e-09 4.755452292440704e-09 6.50932546833949e-09 1.1870619145154152e-08 2.4257925290770725e-08 4.8831186186853664e-08 9.769047977075081e-08
409 4090 4.618278838029505e-07 0 0 2.997482425040629e-09 3.221508659954099e-09 3.8791797205941814e-09 5.157751095408882e-09 9.554343326750241e-09 1.9370196985852932e-08 3.8899635838571396e-08 7.787573768417006e-08
410 4100 4.2942148673709636e-07 0 0 2.7476198491875333e-09 2.9969765788498175e-09 3.5813972758167317e-09 4.671026272141523e-09 8.939105079829216e-09 1.8003779051428753e-08 3.6215254110272756e-08 7.241455544270564e-08
411 4110 3.9147224160211896e-07 0 0 2.4767235368383202e-09 2.7908427015409116e-09 3.3464428735870543e-09 4.304545780178187e-09 8.010267283415953e-09 1.6106700005451696e-08 3.2122358962265926e-08 6.434188456938543e-08
412 4120 3.35463983485946e-07 0 0 2.1035160353074134e-09 2.2946737560236374e-09 2.9127322984912698e-09 3.7474939670569554e-09 6.9282976008188325e-09 1.3886335491773997e-08 2.76894816836029e-08 5.536487701707615e-08
413 4130 2.9048238898320453e-07 0 0 1.8401038001328012e-09 1.935992953776411e-09 2.475076600238055e-09 3.210883108829676e-09 5.868351610361186e-09 1.1660969143002322e-08 2.321813511746482e-08 4.656067304129226e-08
414 4140 2.630945917668865e-07 0 0 1.6664632762954327e-09 1.7103509259357541e-09 2.2170502788109485e-09 2.8411330713297635e-09 5.246280881987111e-09 1.0419737525557577e-08 2.075259234232371e-08 4.1627080645244e-08
414 4140 2.630945917668865e-07 0 0 1.6664632762954327e-09 1.7103509259357541e-09 2.2170502788109485e-09 2.8411330713297635e-09 5.246280881987111e-09 1.0419737525557577e-08 2.075259234232371e-08 4.1627080645244e-08
