% # columns="iteration, evaluation, void, void, void, xmean", seed=325258, Mon May  6 19:48:38 2019, <python>{}</python> # scaling_of_variables: 1, typical_x: 0
1 10 0 0 0 -0.047776490375373216 -0.05561619642133399 -0.2177268835361789 0.28805294771737844 -0.02952621104739797 0.13396430535255696 0.05471836785981307 0.2777090618150466
2 20 0 0 0 -0.3342021619086501 0.004997574229450824 0.042868224266808336 0.11259946571783475 -0.052904389104522984 0.014790005467036238 0.1030445330441932 0.4189482380978954
3 30 0 0 0 -0.47190512168085 -0.008709657366932813 0.12011264926661322 0.010987448032150071 0.29043384153663343 0.17343617057332938 0.36047294258064333 0.41817180464954773
4 40 0 0 0 -0.7190485623711639 0.20990049801642968 0.24177144423458785 0.0942682275116553 0.1905990842058068 0.30338334259565347 0.46985425648748047 0.5382228953865135
5 50 0 0 0 -0.5590479095898915 0.5728839637209341 0.40694281563776835 0.27429587084742907 0.1467420444439375 0.13064523239416825 0.19704222738324328 0.3629483511751762
6 60 0 0 0 -0.47997210945262153 0.45361299834650226 0.36574018329864266 0.2525588977546238 0.03540047577690336 -0.04698767066274656 0.09572171092891814 0.06796315017490151
7 70 0 0 0 -0.2899705722992529 0.24430859298536603 0.11178719384874841 0.28288423487715625 0.16953413963150826 -0.10822388742407238 0.014886057381314446 -0.13468168955099788
8 80 0 0 0 -0.4939374161567416 0.20732518520933282 0.12518102393784777 0.19537872217227797 0.38100206576478857 -0.10013779173605337 -0.07817033925250663 -0.09875399223985509
9 90 0 0 0 -0.39719450138440665 0.2228882880210073 0.17121700756701505 0.052295340390474176 0.25162819311880025 0.04486893802219975 0.2881002183782526 0.11614482251077085
10 100 0 0 0 -0.285318517668789 0.21302147288121873 0.26372817641804475 0.1327111556854893 0.2305851131333541 0.0654603611300644 0.17540627819323878 -0.048793440636308694
11 110 0 0 0 -0.23519924214840424 0.019823720219845048 0.28484889072035746 0.11748616607513071 0.15765318301984171 0.16769446610648456 0.18976031872809093 0.005265228495048804
12 120 0 0 0 -0.17768772640243982 0.023105230686130275 0.2505145474284882 0.12666267766375572 -0.0005834293673539492 0.08503288654943598 0.16101234427734232 0.05005116053195334
13 130 0 0 0 -0.0867897273511445 0.030006357748918244 0.24797093225923197 0.01801358544003205 0.01685515875376976 -0.03322322555792813 0.15811016487499996 -0.015332437598665316
14 140 0 0 0 -0.0852970363506424 0.09481701401302789 0.14949970429822407 -0.024225826532577106 0.015625971256826146 -0.06772281346740913 0.15022171811070986 0.019105328161952498
15 150 0 0 0 -0.10631336478444171 0.07804089274658661 0.0344058755796143 0.009684652636736991 0.04368163241415969 -0.11914271739562524 0.17014013800901692 0.0010712566284182164
16 160 0 0 0 -0.09480730627425599 0.0036217007904041365 0.005242000221094126 0.04244298982034581 -0.01068681496688964 -0.20906177000601767 0.10427565490689096 -0.013207743794115205
17 170 0 0 0 -0.16769729024890268 0.10411287078147084 0.03119216654431998 0.04508474653067453 0.020718880105910942 -0.15921616142097858 -0.011495161346280355 0.06385209821500981
18 180 0 0 0 -0.24116329459058397 0.06072915304972082 0.060708392048272886 0.09787517138083468 0.031993401710165514 -0.042258975611108765 -0.02169488199858222 -0.04126860527057784
19 190 0 0 0 -0.21955720533305473 -0.0340999559816345 -0.0010471814328950196 0.03962923397970437 0.03070875479534738 -0.03897076977987386 0.029925555573885165 0.04138047509664193
20 200 0 0 0 -0.2578864138701651 -0.011065502513222136 0.04783790509251521 0.0010089282355478582 0.031658167855511475 0.044646295776634204 -0.05781421274652904 0.007001694012829608
21 210 0 0 0 -0.1317416002708755 0.001074950438679877 -0.0004922976388309491 0.021961299386628573 0.05627995554355371 -0.0016420353307854893 0.04606099921988954 0.03257903094392957
22 220 0 0 0 -0.0919420887835372 0.0036237887090842832 0.0027984774006105254 0.01653005923916236 0.01221000619648225 -0.02256488560099936 0.03213470748588997 0.032525878618999374
23 230 0 0 0 -0.09661012891407353 0.031814396855000975 0.03334220739992807 0.013231089566587886 0.02767527310534237 0.0035040828278196517 0.0540280293839076 -0.022390713952118724
24 240 0 0 0 -0.05899802585944679 0.01686368175528284 0.01683831700263242 0.020318514126076073 0.014292876941256787 -0.0324947783610874 0.040903892711221274 -0.03363659194780098
25 250 0 0 0 -0.014294814487586426 0.01622735541531663 0.03338291974874949 0.03283126582662892 0.031102491821533563 -0.026470431727188715 0.017228189404087067 -0.0070785818427069325
26 260 0 0 0 -0.0016647096599665331 -0.0076397803099163795 0.009663585628158118 0.03473325602693026 0.0033998698999769122 0.01405138883432222 0.005873383833029485 -0.008015954930830306
27 270 0 0 0 0.02490843527372475 0.01031670297061368 0.0028715169556419434 0.03831956598577359 0.017893093597263453 -0.016403902922237482 0.011131672035622715 -0.004668690277394018
28 280 0 0 0 0.01316908829490147 0.026618842419023615 0.009582033391784565 0.012350602494387755 0.004031144385614123 -0.0051547471726281595 0.04062621698854592 0.0028124736480174906
29 290 0 0 0 0.08706606131677205 0.014597738614678703 0.015572016930357428 0.010702139475100948 0.013912007313003313 0.022064538435226166 0.010426743824594957 0.005493405802155555
30 300 0 0 0 0.10419481662531661 0.0049539469771096335 0.004149131736887284 0.02017986405762225 0.008408200867209111 0.002262899292371976 -0.01348229289771892 0.0073152047319510576
31 310 0 0 0 0.08933172491028565 0.014157719465291232 0.02390965209685521 0.02059758163317526 0.02600554116913629 0.03242622516824497 0.017546294677723135 0.014411417228825043
32 320 0 0 0 0.10177644683833827 0.023289244839475486 0.02914895177369839 0.017131216498917665 0.026275215491289475 0.03528104104282463 0.02049586603509545 0.028836103760312704
33 330 0 0 0 0.09304970831178803 0.01426600994438778 0.015475750702841653 0.0169319128520718 0.016698031521397712 0.025022233002179102 0.016667048477291616 0.021384440866818632
34 340 0 0 0 0.13756409917772225 0.024839535929600667 0.009911560726303023 0.027140929753116463 0.02079051526910039 0.011512116306076807 0.003024435765428622 0.004790031348645592
35 350 0 0 0 0.167581755968333 0.04854873511712752 0.013756509638503951 0.03246856121751787 0.012114220174622622 0.01480502994917277 -0.001166934718384879 -0.003260931329359054
36 360 0 0 0 0.2177230109067294 0.06294643442837239 -0.001934162132621018 0.04042934007638483 0.0015328830714906438 0.004635683362372522 0.011743216262235514 -0.00275877454778351
37 370 0 0 0 0.22041361151462247 0.07130533102062496 0.011254184437844794 0.021800427698635605 0.007969404640846074 0.021293317374523436 0.0015097674574324187 -0.008128897238347468
38 380 0 0 0 0.271701430753486 0.0763658349281744 0.00410879647248396 0.03488621050376399 0.005183853427648321 7.471828997351534e-05 0.0038410988929235474 0.006424546726827905
39 390 0 0 0 0.2786496269631011 0.08743039967964256 -0.004658595786738617 0.03349392043919361 -0.00035167631805781054 -0.0066522318422481104 -0.01073219466385776 0.017466594985296034
40 400 0 0 0 0.28561573376596977 0.10331068602046987 0.001190813501497523 0.026857767401968418 0.01261290961132942 -0.01568731321714497 -0.012818567546362526 0.012288160676543456
41 410 0 0 0 0.2988037958655014 0.10823420073244881 0.02170811736232182 0.01535750059857426 0.027286164135373984 -0.011556878243845811 -0.002451791677252244 0.010930402480974674
42 420 0 0 0 0.33212334518739256 0.12015724171645445 0.03216957987159782 0.01552026156148137 0.007017112530746671 -0.02156358737139749 0.013326867299115109 0.00974724278818073
43 430 0 0 0 0.3358821612866669 0.12551142555439787 0.04025242826473069 -0.00018738672406986602 0.005747583905005737 0.004132145747396877 0.0236080521544714 0.0065378462955210095
44 440 0 0 0 0.35351174082051856 0.1222532621448706 0.02888431958815066 0.009052658969251805 -0.0009403329936305436 0.017323331485171126 0.01925318588195983 0.01803201191488255
45 450 0 0 0 0.3743706638919669 0.12493401934912887 0.022460509170260972 0.023559446480476826 -0.009607317576311083 0.011258383173025292 0.026403875544447744 0.017988047118435522
46 460 0 0 0 0.38330338434038275 0.14096181889243878 0.03020903539468987 0.009213661829821569 -0.004637701263179503 0.022640971638490777 0.01834308058864872 0.01244617190267471
47 470 0 0 0 0.3947368669046312 0.1595907672052571 0.047800947838601865 0.016212017051934313 0.0024901083730801124 0.007490897325048018 0.011773072902577088 0.004436826468100003
48 480 0 0 0 0.40858431540110235 0.17084833150720502 0.03842002747882349 0.011139580919156816 0.006168858141810597 0.02136505014868985 0.004771099951919932 -0.005702539885537273
49 490 0 0 0 0.4308955408953083 0.17887690098088604 0.03435523427739705 -0.00640747216563297 0.010047731067462295 0.024973229784663806 0.014759649028437544 -0.010653621718641629
50 500 0 0 0 0.440741511261137 0.18849978968746128 0.03905195521710668 0.0009350979309157457 -0.002895644892479548 0.0196094080603842 0.005025719096932835 -0.003454887315221285
51 510 0 0 0 0.4371815890694112 0.19314586153356017 0.03778534972224672 0.011349441454718816 0.003999545650992268 0.023664868399233804 0.001627786370249888 0.003676443890032301
52 520 0 0 0 0.4708326045623942 0.2111329208918439 0.04176268001716241 0.018348961822082944 0.0044997662511256685 0.014987987039741428 0.00995994789014059 -0.010314453652540105
53 530 0 0 0 0.471873815309389 0.22204866851678387 0.052173910532731106 0.016565649747706714 -0.00026674575754085 0.008868009128747505 0.007979790313653397 -0.020493335078331447
54 540 0 0 0 0.4709704235792806 0.22475895938091103 0.05397756144825387 0.025698213224962668 0.0035330413731426706 0.005069272518368042 0.012151286820896695 -0.0024103573795270575
55 550 0 0 0 0.4933606481107533 0.2368297340775632 0.06417693970530772 0.021201302879717894 -0.00018787573572798298 0.017399652414663732 0.009267559002805466 -0.014200610515979926
56 560 0 0 0 0.49621575718085 0.23660264019974878 0.07475608017632539 0.020876917837787955 -0.0009457997878632704 0.019089961234380164 0.012479341177014387 -0.013438578157438905
57 570 0 0 0 0.5256301114971508 0.26402520542738495 0.07807486900100757 0.015839621805668818 7.165476612622831e-05 0.0033146238120433415 0.013700564824896459 -0.018488371791143682
58 580 0 0 0 0.5093910135091465 0.251343915267035 0.07724191678259423 0.022254042286476438 0.008648322744174973 0.009609258334727186 0.011260002326429484 -0.016990806506904186
59 590 0 0 0 0.5242735690995796 0.2779019010437251 0.08384352981954048 0.02571135702230357 0.011797606659388293 0.003186174511169838 0.008571125917896912 -0.020935110149890943
60 600 0 0 0 0.5622851055689168 0.31321335052968635 0.08485488587963455 0.03447897804852457 0.016176120908708996 0.005030223752282118 0.005853592789102161 -0.01704262940083638
61 610 0 0 0 0.5559326491273388 0.3126954587604522 0.09008781720235744 0.035177061507738805 0.02373748916983183 0.009658968235264657 0.008070339263244278 -0.015153476946808806
62 620 0 0 0 0.5654313684622942 0.315604665574131 0.09296721808197406 0.03420535873531294 0.023392246144855453 0.024062665655181333 0.006246821104299006 -0.008245600735979273
63 630 0 0 0 0.5875077306791244 0.34448514172865363 0.10969398973816491 0.03189695469677907 0.01904023523360814 0.020439213849508527 0.00835040569669073 -0.005638398929314489
64 640 0 0 0 0.589343367218962 0.35515219895324185 0.11877079691385689 0.021705958794848986 0.015964798800963843 0.019623371674184428 0.017411967784995663 0.00033660688315559004
65 650 0 0 0 0.6147517014189211 0.3797555875628892 0.12337042026331625 0.03018666237980501 0.018485199597842575 0.00651039297904598 0.01643257657611699 0.01160751081184335
66 660 0 0 0 0.6289943990005606 0.3867880347106803 0.13848298154154418 0.019021216428949512 0.026049565625267022 0.007960800198145128 0.020588365855844247 -0.004476598267996354
67 670 0 0 0 0.6311042400444308 0.39165918650225673 0.14709543097026023 0.021083961738266797 0.021290469433112125 0.005352360593850943 0.006837358159190909 -0.00013145503563745733
68 680 0 0 0 0.644158527394743 0.4104270331146676 0.15652242038901562 0.025148752876783333 0.01788402050758385 -0.009670588626828173 0.01825717196320993 -0.007442519349156453
69 690 0 0 0 0.6207013703256058 0.3953191977499253 0.1622034306148417 0.02813898330595247 0.016558017017152853 -0.0007362707326290258 0.0013157955289834697 -0.01251711321161105
70 700 0 0 0 0.6443948408880821 0.4125440077211562 0.17260170347172857 0.02358759514211632 0.022530588669794436 -0.0009180960933490794 0.010878881882260685 -0.004185605405440138
71 710 0 0 0 0.660278158453898 0.43165498007099906 0.188942487516069 0.02400339464990855 0.009654578989319249 0.01299217886543678 -0.0007033767238732187 -0.00148254592850546
72 720 0 0 0 0.6464613081964866 0.422716064925658 0.1802013861954441 0.024340326906835137 0.010388030498915835 0.01007023903935207 0.007098815187628797 0.003935072568303167
73 730 0 0 0 0.6785741686637765 0.4565495033487228 0.2116674297251792 0.029505921230784656 0.013107985210452113 0.014933753470502013 0.005973440145057249 -0.005161371864933379
74 740 0 0 0 0.6783209893031109 0.45180923370808473 0.2083675148577872 0.03716346420147383 0.022218634580605218 0.017245200979393617 0.006643653143387623 -0.011096198392819513
75 750 0 0 0 0.6838896592264827 0.46516342326282284 0.21866758550081955 0.03782593689809936 0.02435649683749991 0.022867018088613987 0.003211909357093975 -0.005645992143363071
76 760 0 0 0 0.7026703739184933 0.49221797871491785 0.23614619675608933 0.04649063963154999 0.02452009774160083 0.021521528686025634 0.004513652916024466 0.0010538273754079367
77 770 0 0 0 0.6883546041706883 0.47502413785342784 0.22186546380811667 0.05956971086589529 0.023470152629684327 0.019478776440923738 0.004417530569824136 0.0068576864902499856
78 780 0 0 0 0.7053829224483645 0.49700912450756835 0.23787503992054926 0.07147341137383183 0.03166734811183585 0.022601082509487593 0.00227125661007585 -0.0017891027576684175
79 790 0 0 0 0.702168287840879 0.47937082848119295 0.2342316077125476 0.07625312778497194 0.02445061437108712 0.021644415885230438 -0.0026761114693750307 -0.011202523295705893
80 800 0 0 0 0.7088196528787063 0.4997461614767972 0.24381452204402915 0.06313169191180987 0.011351735827946609 0.015034452005733539 -0.0039214791552350135 -0.009836828498334421
81 810 0 0 0 0.7107778707372148 0.5005604385003958 0.25661653811857055 0.07037247821276299 0.02024829936539581 0.02370057289178396 0.0076691597095682644 -0.004478439196618897
82 820 0 0 0 0.7306948942570688 0.5338869417201965 0.27234084797839436 0.0792556702681681 0.02437402123400974 0.020546474109025728 0.008024635265872134 -0.007986476858098767
83 830 0 0 0 0.7281393493191868 0.5420194309862764 0.2817809120825145 0.07955196775516808 0.01673400866659758 0.019228548472145706 0.013833501163433256 -0.008518126827278686
84 840 0 0 0 0.7406346306228532 0.5655449882216288 0.3065635224273928 0.09968783699492738 0.014897659789019996 0.015104853357255178 0.00813402463689781 -0.014446121856972938
85 850 0 0 0 0.7487529821142253 0.5829917224291403 0.33075495987850423 0.1060344090003401 0.028015609832910276 0.021943072324498204 -0.0013220295800657027 -0.013135987541931344
86 860 0 0 0 0.751914261625041 0.5891543703017825 0.3416758904421718 0.10915808390432959 0.028335497481670656 0.011716350964981647 0.001430546974074803 -0.005029649048351804
87 870 0 0 0 0.7486657810985115 0.5935784470057763 0.35292877127160355 0.12144100646769154 0.02787064642765686 -0.0007286993212686967 0.012692738181352328 0.002521279583467718
88 880 0 0 0 0.7703856918835335 0.6163354374890577 0.38319081260926086 0.1400949164581173 0.03884302437340784 -0.0014935829723391903 0.008722288083818107 0.005845242174081928
89 890 0 0 0 0.7720252589416798 0.6247700756909325 0.4034072373457645 0.17117554652346764 0.03632549858912331 -0.009040157272945375 0.002941775361274858 -0.008242828165597548
90 900 0 0 0 0.8084208426605416 0.672202589021371 0.4508395297924607 0.17848633483878057 0.031024953345312585 0.005555032502988911 0.0015222243995889817 -0.02364253925785897
91 910 0 0 0 0.7868832499016107 0.6294962480651685 0.41381631149172615 0.16618440626031536 0.0242463339805252 -0.004983342756136109 0.008657038410562937 -0.013536976765570613
92 920 0 0 0 0.8103238115158145 0.6752050416942647 0.4476084867851769 0.19634384025391338 0.04861384592592574 -0.0034812230962746773 0.016065797121358024 0.0024369593446063147
93 930 0 0 0 0.8058383474296108 0.6735678726257371 0.447585785761777 0.2055123237976985 0.023730659208457006 -0.015749418904574028 0.015415832352700621 -0.012567869672574714
94 940 0 0 0 0.8112882420153822 0.6803182184358321 0.4566897616937548 0.19209254741088144 0.02190759841530519 -0.007167786738143521 0.013078834855727372 -0.008121395557542476
95 950 0 0 0 0.8127430062293419 0.6835714201909048 0.45276061580760496 0.1957526980364105 0.029470058446189443 -0.002809745585017391 0.005934961120390107 -0.013462377763237526
96 960 0 0 0 0.8301558912139386 0.706712672886105 0.4863268422270289 0.21482969656155582 0.04760080240751041 0.005842396970923345 0.009167704427265081 -0.002423166563694951
97 970 0 0 0 0.8390698853889758 0.7107534099810394 0.4994316179251213 0.23204858793878858 0.05429852729148984 0.019689133310826414 0.001411898546000892 -0.004585465255771693
98 980 0 0 0 0.8508480079165945 0.7205910578189687 0.4909298679698931 0.23756529897142944 0.0531921867312569 0.024848311809767765 0.008035826265846827 -0.0033726590007842044
99 990 0 0 0 0.8548285594966405 0.725800474011394 0.5039169111717468 0.24336824058990658 0.05046933626898829 0.03471442780783487 0.021393080495400875 0.0028704766233609742
100 1000 0 0 0 0.8347545622951731 0.7169785879529089 0.49335097194140787 0.24131858979074927 0.04553165341291879 0.02764410007289364 0.0214572361119565 0.007887994699839614
101 1010 0 0 0 0.8408594526161617 0.7194299341833078 0.507273465627782 0.2642329717043071 0.04705709542892991 0.03779095037985919 0.01627808876797227 -0.0052413655840771785
102 1020 0 0 0 0.8466399221964844 0.7238407725927797 0.5062987626896789 0.25143043184098623 0.049582120413530585 0.04480471779442037 0.020569535650294627 -0.007941597744613426
103 1030 0 0 0 0.8423595504778977 0.7089691718901832 0.4937029552649348 0.23900392487799796 0.04964255100312538 0.04214419884206673 0.01136751660355915 -0.002134426363153589
104 1040 0 0 0 0.8494781722866475 0.7296723080313902 0.5186469998746651 0.2636277583323273 0.06458032975614329 0.03262391504724173 0.016187569408086102 -0.0016514220245128735
105 1050 0 0 0 0.8621536504411098 0.7427778973161465 0.5341631655629608 0.28859658790352777 0.0897280949707967 0.03503216931316452 0.007841102715174237 0.011905645281576553
106 1060 0 0 0 0.8734665350008954 0.7537115962123719 0.5551472539148905 0.30229289040397633 0.09522658187148984 0.03765369180653943 0.017168857456741484 0.013766056901149569
107 1070 0 0 0 0.8847397305116347 0.7598939208019682 0.5698250941484788 0.3370352630942994 0.11646470469230742 0.038820535157124865 0.010517879034073174 0.018241132371835653
108 1080 0 0 0 0.870736118425389 0.7619807877636512 0.5864260816341957 0.3582678777904667 0.13659355097579404 0.023714657611746733 0.010043321524695852 0.009930727427734407
109 1090 0 0 0 0.9076513669391537 0.8069081352983564 0.6426623232909341 0.41797490262373727 0.16355967894738802 0.046223860960119274 0.0030553313893902888 -0.00778400490612487
110 1100 0 0 0 0.8955309021567903 0.7936372804521622 0.6438670002637815 0.42238039044593056 0.16526830967018505 0.038359255211369785 0.021466336906685434 -0.0032708651194295005
111 1110 0 0 0 0.8824463781345543 0.7802618358814585 0.6464029652170284 0.42949056263140034 0.19080489243802853 0.05158121416082427 0.009611015711750057 0.003142654474348675
112 1120 0 0 0 0.8960879890624873 0.8092627248878419 0.6827371716808683 0.48393670574553327 0.23567522147669726 0.048946571059068376 0.014574746966667253 0.02090292927836713
113 1130 0 0 0 0.8874990135712584 0.7986883874718664 0.6609754366943854 0.4662510052007683 0.1972951366388601 0.03746195063404198 0.014425236285074366 0.0021527355947972733
114 1140 0 0 0 0.8947752851677465 0.8132194108862236 0.6799976048314701 0.4714855069772361 0.2241758024324881 0.038018283675694146 0.02017172920985804 -0.011880275617116054
115 1150 0 0 0 0.9039119765074112 0.8411294619579626 0.7219546699225632 0.5308116093088142 0.2612159946594725 0.035972484790839546 0.02110794457962386 0.02345648264943878
116 1160 0 0 0 0.9174183243685946 0.8600309121481827 0.7275784728758582 0.5245148266476369 0.2477323886502934 0.04244658038743105 0.0174931235729044 0.04396837456702843
117 1170 0 0 0 0.9212519810768656 0.8684642525905799 0.7440517534128318 0.543829038664355 0.2820341534731727 0.07363600204431169 0.009620989599389323 0.0405287543422505
118 1180 0 0 0 0.9189400999782154 0.8564908232430954 0.735258456057224 0.5424609569601297 0.2839476931318216 0.08431915771016796 -0.004966712328301275 0.03744529012131808
119 1190 0 0 0 0.9220561135417457 0.8645786065791102 0.7632693937148366 0.5632863418272127 0.31797669129598183 0.10653463711851997 -0.016216303554769704 0.041224506863395516
120 1200 0 0 0 0.9307137372944115 0.8574047283853587 0.7520407089483234 0.5731402343681159 0.33382298917037745 0.10493766003888638 -0.016716114872939534 0.033283257733758315
121 1210 0 0 0 0.9346012859666267 0.8764817137223805 0.7549069126841129 0.577467220448395 0.3430999145313763 0.10714162178472171 -0.01593473248470479 0.009651031191891455
122 1220 0 0 0 0.9371933380947783 0.8822125036448364 0.7731589102285518 0.6019061384215147 0.3539398747267819 0.11359406935177235 -0.01399087223275928 0.013339652996483055
123 1230 0 0 0 0.9462087881057933 0.8873251196459595 0.7819616244445157 0.6121055090781397 0.35850181654334684 0.12132724056841035 -0.0022149861414754272 -0.00837839464392238
124 1240 0 0 0 0.9379616037118998 0.8981073526899572 0.7911606137297026 0.6303240429723211 0.3756208843746336 0.12189804540513187 0.019768735701250848 -0.013608572190356709
125 1250 0 0 0 0.9595083742976495 0.9158593276357405 0.8241189502303874 0.6756887164569864 0.4281339297679479 0.1556245262314653 0.016037036499507506 -0.004310834746607706
126 1260 0 0 0 0.942438480131152 0.9086474357368735 0.8030442311055238 0.6542796450266098 0.42278526950701084 0.1664386264602206 0.018503781721603323 -0.023041638574146178
127 1270 0 0 0 0.9468703302345596 0.9122828056867438 0.8069151088759252 0.6641673466461939 0.43884339742784884 0.15829605054700308 0.030927659301874997 -0.037932962951829914
128 1280 0 0 0 0.9404134862954276 0.9131799707832157 0.810033206209582 0.6831866722355132 0.44418731557104335 0.1519968910233582 0.03455023901928594 -0.031608528228771124
129 1290 0 0 0 0.9412083424381473 0.8958596319187588 0.7951938721899459 0.6575997171751109 0.42338525863694126 0.14326440491505146 0.024166897785126457 -0.0379633291048855
130 1300 0 0 0 0.9489956503499147 0.896515758001804 0.7942990792666672 0.645084375168974 0.4027600851280985 0.14731034133212104 0.022237942061313826 -0.03332688813553994
131 1310 0 0 0 0.9541023306558742 0.9003887790616502 0.8049601604765567 0.6528023585308389 0.41294573058418244 0.1682015857517106 0.0186710764791296 -0.023344672188149056
132 1320 0 0 0 0.9621094629611784 0.9056100724320142 0.8253380381209532 0.6796951236028677 0.44161387433589844 0.18243669708480395 0.010081169848548349 -0.016129033640271826
133 1330 0 0 0 0.9554020190558452 0.8942278796717366 0.8294888048362091 0.6821603381654652 0.444223589362492 0.19399993936894486 0.02036837316418016 -0.015274564375407447
134 1340 0 0 0 0.9604658188943193 0.9064563400180929 0.8387157952287336 0.7081332233488581 0.4591716341430501 0.18749674853825823 0.022191903051185475 -0.021083774058280734
135 1350 0 0 0 0.9492295617645038 0.9041058929350786 0.8146524581337347 0.6759129753127363 0.44012334188502855 0.1830077980745772 0.019596495486682297 -0.02050834088493327
136 1360 0 0 0 0.9546895717486852 0.9124826969486522 0.8312554959869677 0.6881560030553433 0.4563221087734258 0.19975203228501748 0.02402319296025146 -0.012381642661478398
137 1370 0 0 0 0.9575642699584151 0.9068238365898714 0.8361112005625798 0.7016835108202037 0.4843835001179541 0.22063380704944063 0.030053042765971264 -0.01570526876050716
138 1380 0 0 0 0.9493185484552008 0.9140539240226323 0.8403833889143731 0.7021539691777483 0.4827947062293948 0.22255384157565533 0.041597818912331844 -0.013510651119000273
139 1390 0 0 0 0.9576112693913748 0.9277804572812499 0.858746375152006 0.724930669775972 0.518462887112231 0.24550579050567253 0.04253190737907159 -0.009608747835424607
140 1400 0 0 0 0.9524530283567236 0.9212233379894712 0.8510288981773144 0.7194710999086296 0.5140123547345345 0.25055512461791296 0.04693199514756337 -0.01589318438778951
141 1410 0 0 0 0.9551976169162809 0.9237330710977188 0.8504843591553328 0.7143084378019734 0.5097970133290614 0.25678277143515726 0.050780434899427934 -0.010717616215838272
142 1420 0 0 0 0.9626647079885157 0.9345217985202809 0.8710319940951337 0.7408317684189305 0.537356185568921 0.27894673056125907 0.06081632226067665 -0.013107590673256382
143 1430 0 0 0 0.9567080420148936 0.9373835419980218 0.8730696640783072 0.7465953867195829 0.5421489390669312 0.2967719084616701 0.07459988757882767 -0.009555555996215203
144 1440 0 0 0 0.9499897947019925 0.9203341934894413 0.8519553612076821 0.7378956953756375 0.543750993240672 0.2876382993947884 0.07739651194581575 -0.013724650383736684
145 1450 0 0 0 0.9545827804039729 0.9251141548945437 0.869606937992726 0.7574057402075528 0.569293026482482 0.3138531217448332 0.08306886220431786 -0.00628619812783355
146 1460 0 0 0 0.9578744119651238 0.9234021410973767 0.8597341413774027 0.740855070310585 0.5564532525281779 0.30550744970189253 0.08111090533715125 0.0011777400118959018
147 1470 0 0 0 0.9686135089951714 0.9338133423591114 0.8781967743220185 0.7607858471276601 0.5745499963672687 0.31895407161563305 0.09671984942471754 0.005485081957646547
148 1480 0 0 0 0.9658063627165027 0.9352758586432567 0.8730988488831661 0.7609574466212746 0.5787221991618868 0.3269457983182739 0.11633573842780232 0.0015964369679293032
149 1490 0 0 0 0.9781699547491016 0.9457688683160678 0.8829117581504113 0.7703707334409877 0.5878604878149871 0.3374195826852075 0.12210823251341661 0.011142151789104205
150 1500 0 0 0 0.9716582141567034 0.9387879887687793 0.877499230388717 0.7728038661225013 0.5885629414367745 0.32592900848075107 0.11891417758734832 0.011007412827020193
151 1510 0 0 0 0.9661173587761935 0.9371619153581022 0.8778511487495706 0.7746837213980614 0.5905026536865491 0.3373748387618852 0.12981739885266494 0.018041240315545815
152 1520 0 0 0 0.9700037954000708 0.9391709171270886 0.8880159300705412 0.7853508528502016 0.6035204038415334 0.34881708630128183 0.1292961062992497 0.01972475982074657
153 1530 0 0 0 0.976048802300517 0.9468802732869686 0.8940974145647166 0.8012322335484922 0.6290872857186381 0.3723184762375752 0.14196814041801978 0.02607618141158176
154 1540 0 0 0 0.9801784922460759 0.953474431418306 0.898443779055948 0.8132913269201345 0.6398642869951231 0.38590958956291654 0.15178636823389074 0.027724380873316003
155 1550 0 0 0 0.9767631985809939 0.953758276627514 0.9008298753533555 0.807794258896612 0.6388114379457513 0.39412401639773137 0.15033662830497801 0.031383474990709044
156 1560 0 0 0 0.9718850205911821 0.9474347210013025 0.8969748405810092 0.8116888201555243 0.6477420682002166 0.40593569014948067 0.16486659215544136 0.03436769725046261
157 1570 0 0 0 0.9691088600945266 0.9449276530730593 0.8942947477601433 0.8074123541858428 0.6369581322956009 0.40166340337837614 0.1695444490376086 0.02686632811614179
158 1580 0 0 0 0.9715554296191842 0.9539257488662369 0.9114313861016197 0.8338838526256904 0.6792354605715931 0.4482193202908132 0.20157866569186245 0.0351351006096351
159 1590 0 0 0 0.9707692870203181 0.9463895413181275 0.9043189838047117 0.8304496370431061 0.6780583866148888 0.45093917196979133 0.20785033297750113 0.029005649449763787
160 1600 0 0 0 0.982299942269499 0.963448952124946 0.9274690249273252 0.8456063882682695 0.6810996600386378 0.4572788715602448 0.20989393195629125 0.04754823938436123
161 1610 0 0 0 0.9786787029641721 0.957443728981539 0.9177904607199903 0.840697167384286 0.6812887414895625 0.4671039538641041 0.220657720207801 0.045460050841801006
162 1620 0 0 0 0.9895003259197503 0.962909285249933 0.9310954180840961 0.8517273527067143 0.7106574297842301 0.4819700324924353 0.22671019293367525 0.040664035654712515
163 1630 0 0 0 0.9774346170031137 0.9546130849528414 0.9256343792511912 0.8440646061664807 0.7026621739782032 0.4865510271886016 0.2253511122841529 0.05001412103886908
164 1640 0 0 0 0.9774202392994609 0.9514362269354765 0.9239327635324375 0.8497207062024863 0.7117331658739494 0.5047543152952898 0.24742928477676066 0.06543122828666027
165 1650 0 0 0 0.978432975767965 0.9583392559159373 0.9211470913999361 0.8579554763882236 0.7172818594066932 0.5188109337351617 0.26768316543782844 0.06743313194690906
166 1660 0 0 0 0.9838796485004375 0.9587859192334088 0.919372567794037 0.8612030371890416 0.7260491276022174 0.5290839953811457 0.27440541641319466 0.07151740028401328
167 1670 0 0 0 0.9835697982641881 0.9613321847714031 0.9257714545750648 0.860195961356809 0.7432310030822166 0.5502165881435347 0.29002050852890915 0.0851717359304297
168 1680 0 0 0 0.98225484013168 0.9639378459327188 0.9219535087519846 0.8516554637991174 0.7314562217439827 0.5455046700835199 0.29047543072376536 0.08338218710063951
169 1690 0 0 0 0.977744235314264 0.9585842806299487 0.9255272983943659 0.8677640845797806 0.755709171607281 0.5754019281579517 0.31363850496967294 0.09877704140144507
170 1700 0 0 0 0.9797347855885477 0.9622470013190385 0.932550337077198 0.8756340830295636 0.7607202178515818 0.5840909753584339 0.3242647939274045 0.0982215337005497
171 1710 0 0 0 0.9830247342030732 0.9706168509504531 0.9374541391686674 0.8858644056128437 0.7754912867162637 0.5998642906106906 0.336621660555286 0.1077623192955334
172 1720 0 0 0 0.9844454855503315 0.9689514991578387 0.9396620678595392 0.8925802688824108 0.7818384925191901 0.60281378744929 0.3486115284078324 0.1238319274721487
173 1730 0 0 0 0.9822676904406323 0.9658088966727164 0.9349198186513545 0.8818547399375497 0.7678869019321373 0.5907598403906974 0.3401901917850579 0.12147610314018556
174 1740 0 0 0 0.9894825403621574 0.9706694945228641 0.9397500096027218 0.8893001137019326 0.7768559506471404 0.5932903055713862 0.3546872409845893 0.12366116365992101
175 1750 0 0 0 0.9956788903625121 0.9748478789604865 0.9469963877108067 0.897358109776526 0.7887805773095187 0.61164494015439 0.36516493020079765 0.12855937287485292
176 1760 0 0 0 0.9941497936856416 0.9741851593244808 0.947665905154919 0.9037648345274973 0.798231180421949 0.6281827460775476 0.3711684369676877 0.13473192561417338
177 1770 0 0 0 0.9923770227603625 0.977204782622807 0.9480673509895027 0.9012291838795805 0.7984330203619275 0.6335876599397324 0.3830726957759696 0.14311618280502092
178 1780 0 0 0 0.9962834863390613 0.9825683560732619 0.9558170433725224 0.9062752259960548 0.8073558383205782 0.6428907421920168 0.4016242103611869 0.14250593265936465
179 1790 0 0 0 0.9952494456430205 0.9789742141809226 0.9546787398691002 0.9022338392779862 0.8130628510586826 0.655818116155074 0.4143953219674066 0.15488353605401575
180 1800 0 0 0 0.9964442726729933 0.9771166818027172 0.9545060694674296 0.904380430964804 0.8201158807981184 0.6706517073139204 0.43380517854799866 0.17370169475806074
181 1810 0 0 0 0.9921646109022457 0.9761859487382641 0.948126272244638 0.8965205411031658 0.8089282158820488 0.6616311986616801 0.428553281313003 0.16875574897373008
182 1820 0 0 0 0.9933741592024133 0.9763877991125853 0.9490253572864995 0.8925267855728471 0.8075041861657343 0.6571963418991889 0.41553592738472567 0.16386335487908613
183 1830 0 0 0 0.9911024415789299 0.9794945494249523 0.9492281212009045 0.8932012844330687 0.8099667083035864 0.6645406587161363 0.422256852110717 0.16607121056874824
184 1840 0 0 0 0.9925903531231589 0.9795971473135633 0.9503038417566309 0.8942238087949754 0.817044725667351 0.6720999724345935 0.43160693126003674 0.17637834459759194
185 1850 0 0 0 0.9907761471632389 0.9802844888136065 0.9522400899341994 0.8988751184798789 0.8207621826812265 0.6780165586508791 0.4375873210297913 0.1803277329207748
186 1860 0 0 0 0.992118913906036 0.9787309505869288 0.9532134774631641 0.9031935636295658 0.8203688853801195 0.6764516882311766 0.4465408823026854 0.18682640176353232
187 1870 0 0 0 0.9949804578677234 0.9791692286072132 0.958179739097471 0.9106076303539207 0.8284895036304478 0.6862211039217002 0.4653971213906186 0.20035363122062028
188 1880 0 0 0 0.9920957878973025 0.9787629124057339 0.9627493707523711 0.9170872435075704 0.8362874024799025 0.6932010135904012 0.4743249341238377 0.20521041622995137
189 1890 0 0 0 0.9897194112943951 0.9757527794863259 0.9627991518828931 0.9227135143636318 0.8422434377908551 0.7075193918377914 0.48452144873455694 0.22424030518560178
190 1900 0 0 0 0.9940464330792564 0.9784227809417486 0.9643967632468755 0.9219020974962463 0.8417441714056438 0.7163569390629961 0.4996186518538405 0.23949921214825196
191 1910 0 0 0 0.9941745219019263 0.9779703978868834 0.9592067319329924 0.9144859730741477 0.837396615064724 0.7077636711253344 0.49783929005301886 0.23117560713962554
192 1920 0 0 0 0.9889730177889654 0.9716279229171837 0.9572588166952286 0.9134612938409875 0.8327513776704014 0.6887064552232764 0.48101821131200717 0.21926564591147132
193 1930 0 0 0 0.986117019369345 0.9733322764280015 0.9537931996490923 0.9037748532669893 0.8243284977495853 0.6760396359007841 0.46513819799286227 0.20768778769154075
194 1940 0 0 0 0.9864352861199827 0.973506333093003 0.9591148330079904 0.9158660815529083 0.8484533661319407 0.7094160703925005 0.5022791697532223 0.23524464028272737
195 1950 0 0 0 0.9826542398601198 0.9694198887380148 0.9541296522745932 0.9121820887772875 0.8410795476849483 0.71116401045349 0.49556017268894215 0.23613776990822574
196 1960 0 0 0 0.983617947793848 0.971298191980828 0.9541423437549232 0.9108031436601924 0.8276457739714738 0.6825453872104171 0.46337852265192886 0.20840421928112915
197 1970 0 0 0 0.9827254272377711 0.9725718874592802 0.9581255771288182 0.9114538894912614 0.8322226306671959 0.69313041447805 0.4807419714129898 0.22855041348515154
198 1980 0 0 0 0.9860426052059367 0.9733438233281605 0.9608608776678536 0.9167726043207293 0.8476107296987769 0.7181133542214848 0.5048098435676335 0.2477115302221673
199 1990 0 0 0 0.9914162083143911 0.9785903166735942 0.9667138262364309 0.9258259445056327 0.8586233901154259 0.7307681807208627 0.5214361666147188 0.2603081284743618
200 2000 0 0 0 0.9883923405848183 0.9776933345730926 0.9635687591018467 0.9226609633913891 0.8536474176018577 0.7286696681462934 0.5187573793188314 0.25529434896723796
201 2010 0 0 0 0.987687342892853 0.9772236993215238 0.9651919704463137 0.9232420525577093 0.8522821393428328 0.7275366063209955 0.5205260685433686 0.26082197770227666
202 2020 0 0 0 0.989995046660457 0.9765606959695966 0.963867784237097 0.921194486705803 0.8497073395771866 0.7298718235359395 0.5277244985883411 0.2673254511609072
203 2030 0 0 0 0.9907974851314023 0.9764499230825427 0.9621264811701967 0.920720576115774 0.8479320342850905 0.7224529777428593 0.5200077251623672 0.26256755976642243
204 2040 0 0 0 0.9901832521247809 0.9758306483321314 0.9636080796113087 0.9256970263382732 0.8550480453207139 0.7319979998338556 0.5333771353192583 0.2743131653538615
205 2050 0 0 0 0.9891619898628249 0.9769508012045853 0.9657591527301637 0.9300376077365404 0.8623859915053541 0.742308613178823 0.5463722653945196 0.2879901549641049
206 2060 0 0 0 0.9900911303421854 0.9783451493486359 0.966676779245235 0.9323246742073578 0.8632704621516221 0.7487449823080907 0.5520959898450623 0.29163452950055474
207 2070 0 0 0 0.9888207052982346 0.9801018417621723 0.968227127846452 0.9325714048204704 0.8668220660858538 0.7585132019621316 0.5639672918769775 0.3087190141491098
208 2080 0 0 0 0.9893428863894813 0.9818513856629986 0.9694467614182247 0.9337400634275681 0.8669904623227546 0.7533234025441309 0.5568152103136615 0.30396129206537903
209 2090 0 0 0 0.990396063706078 0.9804219026360209 0.9690920009613179 0.9355218045117707 0.870269277031874 0.7592190529885278 0.5644632373018246 0.3158732337503333
210 2100 0 0 0 0.9940927825411418 0.9822523669680678 0.9673300473185272 0.9361841738448595 0.8770208844853457 0.7722357561162798 0.5873587440986486 0.3336590797594115
211 2110 0 0 0 0.992943121404447 0.9823911962404044 0.9681364815770167 0.9394977212147708 0.8802202505550596 0.7802890182267936 0.594767777240898 0.3456282375954152
212 2120 0 0 0 0.9909799783212881 0.9812614544317371 0.9722615963388285 0.9472086557599557 0.887623923236546 0.787876439729237 0.6087420994579813 0.35829778447306593
213 2130 0 0 0 0.9905285588430051 0.9804123670638384 0.9724278299890302 0.9446310619900077 0.8918812580109016 0.7995946184633222 0.6234706330429326 0.38378764393847264
214 2140 0 0 0 0.9940457470254523 0.9823831414036455 0.9745050623985456 0.9498655033230283 0.9013993976086051 0.8139308525952866 0.6470375071302208 0.4063369669009
215 2150 0 0 0 0.9919567988809218 0.9803633527551716 0.9713577932489135 0.946291854674928 0.8992561696453081 0.8155050803125554 0.6496381609247253 0.41781942720288523
216 2160 0 0 0 0.9911883226054686 0.9796014720130981 0.9725346925973776 0.947736395551606 0.9038036132893176 0.8287359200069065 0.6731822054483242 0.44853636841096467
217 2170 0 0 0 0.9921191503769224 0.9825062293307204 0.9721134903019091 0.9453238731037712 0.8992559288203794 0.8153132516444188 0.6575883958945916 0.42839983664404824
218 2180 0 0 0 0.9922483224096965 0.9850432747482999 0.9746332432216058 0.9481551060802709 0.9026557302605382 0.8242481587599437 0.6754800971451793 0.4564902642489929
219 2190 0 0 0 0.9950297744825873 0.9889123359786323 0.9777507199780412 0.9521040250852055 0.9099722511522991 0.831090632052882 0.6752871536543785 0.44746253050449786
220 2200 0 0 0 0.9959433513108744 0.9884827936070042 0.9751109702539167 0.9553117329161221 0.9109489048592646 0.8312980685487426 0.6829884307609085 0.45852442472829885
221 2210 0 0 0 0.9961920154270999 0.989868719936849 0.9785308618430912 0.9611015910283317 0.9169897049393134 0.8383576776894287 0.6930157664329398 0.4752892253768684
222 2220 0 0 0 0.9959233028231106 0.9917127012921514 0.9803963121266925 0.9623722426060407 0.919651052792514 0.8408866085848069 0.6999909424603538 0.47331341373357905
223 2230 0 0 0 0.9909413255044092 0.985540992156709 0.9767424070219913 0.958371331647302 0.9148633726502792 0.8368864257019815 0.6984306914949601 0.4741357632733287
224 2240 0 0 0 0.9955379617266262 0.9900317892359187 0.9813567953114772 0.9656020263076562 0.9256742056526661 0.8546963593363401 0.7268934308935794 0.5118547080692003
225 2250 0 0 0 0.9941292142184813 0.9864570700465382 0.978647484712885 0.9581916533653136 0.9214205488222325 0.8431931304857088 0.7078754986200286 0.49091152523189324
226 2260 0 0 0 0.9952912989779017 0.9869919582380483 0.9778189440454731 0.9610771218063048 0.9253503764305695 0.8500614012995009 0.7167603227909376 0.4994182800130041
227 2270 0 0 0 0.9944440183918518 0.9866067176697284 0.9778144811004719 0.9596433508114747 0.9203574788833183 0.84898360176201 0.7195337007835615 0.511076108081116
228 2280 0 0 0 0.9956868979069258 0.9875891992451 0.9777378468884178 0.9571449819676318 0.9182714847983651 0.8425841288732691 0.707744161582292 0.49756941920069425
229 2290 0 0 0 0.9949874311908734 0.9890280723765572 0.9780063503323856 0.9581988875929233 0.9180085312654981 0.8451037412940458 0.7139918644750791 0.5038732007758902
230 2300 0 0 0 0.993626611190057 0.9891110771368281 0.9814631540980703 0.9604143481311643 0.9207720721632578 0.8445995418513059 0.7116233387161871 0.4999582309901252
231 2310 0 0 0 0.9928062984192014 0.9886184922479342 0.9802463375387223 0.9585223275071857 0.9216347588098133 0.8464298232150681 0.713635437063611 0.5060860498943727
232 2320 0 0 0 0.9941753857285502 0.9896837315428016 0.9814573924405746 0.9607974802787627 0.9258518381072642 0.8547060406992811 0.7275416357733947 0.5267143100894482
233 2330 0 0 0 0.994376904939233 0.9905920402524674 0.9810354499730506 0.9619560570184255 0.9304210681869288 0.8640004202044284 0.7387520537804847 0.5403736106307334
234 2340 0 0 0 0.9920997399621461 0.9890187069808276 0.9790474781640625 0.9619094782011566 0.9303589607435944 0.8680405017783025 0.7501719080478234 0.5569237593313433
235 2350 0 0 0 0.9920007992080121 0.9896674562751918 0.9795738537953567 0.9647279664980637 0.9324569080890093 0.8710062879361782 0.7607301377702715 0.5693825130962165
236 2360 0 0 0 0.996158469142459 0.9933219547501461 0.9862124504861887 0.9683330232812134 0.9344778033240906 0.8719166300407645 0.7615453551055242 0.5708510067532465
237 2370 0 0 0 0.9948584133543984 0.992367916195741 0.986357818760565 0.9669342283904493 0.9374647417171404 0.8754235009479026 0.7670988490287325 0.582331559659385
238 2380 0 0 0 0.995052044047813 0.9936419406568012 0.9868942176650584 0.9696429733735755 0.9406778258612877 0.8814540707338916 0.7773126865387383 0.5982717731520188
239 2390 0 0 0 0.9930065407352585 0.990744645729027 0.9851007892092628 0.9700534301562951 0.943463394236519 0.8841340439195446 0.7802477897028482 0.6052454251695646
240 2400 0 0 0 0.995866301015166 0.9943323844499182 0.9870876201888084 0.9715167028808649 0.9456905124405283 0.8873074979439222 0.7884712002264902 0.6236250144156321
241 2410 0 0 0 0.9964355475492336 0.9941737486598553 0.9873689981375432 0.9719756796206741 0.9460699558788287 0.8921510755623728 0.793897911126038 0.6295549453467417
242 2420 0 0 0 0.9958352480266454 0.992986838411733 0.9876179857823079 0.9711755330382625 0.9481595961418037 0.8939169734982679 0.7974607447507573 0.6361618075454919
243 2430 0 0 0 0.9952362821746964 0.9925210657690507 0.9878765721703021 0.9736458861442179 0.9507259679560678 0.897512024310728 0.806646378231136 0.6487697468662829
244 2440 0 0 0 0.9971738625437233 0.9935733823953944 0.9886552486396315 0.9750447582055252 0.953115639647828 0.9005054686596717 0.8094859256200506 0.6468096795962786
245 2450 0 0 0 0.9967708881402738 0.9937004769321623 0.9888557144055405 0.9747568284808765 0.9531474179827825 0.9011254156391544 0.810684145894874 0.6526108072755378
246 2460 0 0 0 0.9975566723044916 0.9934243623116541 0.9884753107796899 0.9744373108362485 0.9519267574761295 0.9009677492438876 0.8128493892563531 0.6602766576170489
247 2470 0 0 0 0.9972525197804395 0.9936832379790224 0.9866290220671434 0.974396052463729 0.951807573974005 0.905456284679488 0.8208817910325161 0.6735464382669869
248 2480 0 0 0 0.997452815577497 0.9946260536547641 0.9879350596206465 0.9780991093655064 0.9570676057756925 0.9191795006517864 0.8475174112191524 0.713290923744235
249 2490 0 0 0 0.9982300414199109 0.9938425969989317 0.9887272220452252 0.9785348124039639 0.9561034902363296 0.9182339678997099 0.8446289711852067 0.7100977107039107
250 2500 0 0 0 0.9970589247783791 0.9948173837254245 0.9907006996830484 0.9816000069922709 0.9625675647349883 0.9268008822375967 0.8603777922791898 0.7382659528936547
251 2510 0 0 0 0.9972714869710261 0.9964345208929257 0.9910309604523511 0.982511483803095 0.9661837148601606 0.9322590821385921 0.8693847367543083 0.7544757630566502
252 2520 0 0 0 0.9979332971911405 0.9958349224369187 0.9895565639735037 0.9813022703391554 0.9661444661390546 0.9315928277774345 0.8688999766644935 0.7559319847640521
253 2530 0 0 0 0.9996284010532166 0.9973379955970372 0.9898137633808538 0.9831228940842226 0.9723671114705239 0.9441442454824672 0.8905789761460833 0.795833205993909
254 2540 0 0 0 0.9991845980971634 0.9976169650429323 0.9914925398442515 0.9846053636382616 0.9704075580946822 0.9421789978915036 0.8872602512556734 0.7855266643570175
255 2550 0 0 0 1.0001616223829919 0.998351092236729 0.9920219421944486 0.9849405481053113 0.9722955844099879 0.9431265279808678 0.8903622861748386 0.7898154025679462
256 2560 0 0 0 1.000940574813118 0.9991984994195527 0.9931811501748861 0.9854104956584239 0.9737153447522763 0.9476117321305866 0.8981618295285673 0.8030007355823442
257 2570 0 0 0 0.9991932868045353 0.9977411625255561 0.9933556466374293 0.9861720583544317 0.9745472965038793 0.9447437975833108 0.8935728359981515 0.7990587816090892
258 2580 0 0 0 0.999385966142492 0.9983971660530584 0.9936686218578124 0.9871068084621496 0.975942201457161 0.9493655152879528 0.9006612118904707 0.8135905584026412
259 2590 0 0 0 0.9996512451799113 0.9985307607417753 0.9934140181809806 0.9878231600254581 0.9761637107918893 0.9526579233190858 0.9090264269168696 0.8268992742357152
260 2600 0 0 0 1.0000143649246027 0.9998430016566545 0.9946693455563362 0.9901653319383728 0.9797336701505459 0.9601190812755366 0.9207781376257239 0.8483132403784117
261 2610 0 0 0 0.9986303340890571 0.9980155080942182 0.9945352785725288 0.9905725104134142 0.9827427752399357 0.9642288805690619 0.927384703999865 0.858244192066431
262 2620 0 0 0 0.9978912021330276 0.9973191155248209 0.9947956382828685 0.9912800693500933 0.9828488438299895 0.9665182169850407 0.9311679227422026 0.8681939584137431
263 2630 0 0 0 0.9988184479568144 0.9981670464598378 0.9950421042636584 0.9934760062873847 0.985885645249947 0.9719850925436393 0.9433946047977448 0.8920029655355733
264 2640 0 0 0 0.9978862842631308 0.9981740098446532 0.995551218877595 0.9934791129821798 0.9861276607166987 0.9711916693095078 0.9415891776326989 0.8861279425123763
265 2650 0 0 0 0.9981889646215129 0.9970965456296649 0.9956110522323333 0.9946028467067708 0.9880604833459732 0.9741790578564412 0.9480993705285667 0.8962181281021242
266 2660 0 0 0 0.9993444623587711 0.9979815609106389 0.9969906970728628 0.9957040917576729 0.989626358217728 0.9766563309205072 0.9521098652679707 0.9051293880905606
267 2670 0 0 0 0.9994346259140156 0.9980916129964693 0.9972793155298658 0.994958109303884 0.9891326446832596 0.9763083937891135 0.9504953170012085 0.901848238876627
268 2680 0 0 0 0.9995981934423627 0.9984574635457779 0.9975056082073223 0.9956785663530431 0.9891576278547579 0.9780986290155899 0.9560387766571055 0.9125745227319041
269 2690 0 0 0 0.9997530967944256 0.9987545826524614 0.9975836937177256 0.9964315928166289 0.991323980105971 0.9817849225859273 0.9624915489492579 0.9243413369623493
270 2700 0 0 0 0.9993624118666824 0.9991293127938271 0.9986245176929814 0.9970920941332175 0.9921115628920262 0.9833772306356402 0.9662275185881075 0.9314278511087059
271 2710 0 0 0 0.9994688597243165 0.9998507137456466 0.9991869979890248 0.9972431983222048 0.9926465107263017 0.9841174188291877 0.9680556710496312 0.9369974101878459
272 2720 0 0 0 0.9992130462951176 1.0000038409176022 0.9994647727559927 0.9976115145668661 0.994269826461099 0.9871905646679465 0.9745593826831579 0.9489839425493947
273 2730 0 0 0 0.998808370039663 0.9993441185628401 0.9995130361369113 0.9979773074728042 0.9937998125909713 0.9864682645747733 0.9739478904069921 0.9486481816363873
274 2740 0 0 0 0.9997555847158847 1.0004291196972261 1.000166098572889 0.9994953844924701 0.9959149718486324 0.9911654829040506 0.9823026645936354 0.9645419155694104
275 2750 0 0 0 0.9997068475739721 0.9995865106951729 0.9993664496118937 0.9986788527501803 0.995810878011734 0.9909557533944083 0.9818630249518603 0.9635743628986844
276 2760 0 0 0 0.9992459769265122 0.9992828793861696 0.999098348028619 0.9980538590401928 0.9949918990920155 0.9899988426778047 0.9802042758512585 0.9614694734147156
277 2770 0 0 0 0.9991023933592237 0.9994318642354305 1.000085769176508 0.9998144142581259 0.998316210560207 0.996796846312021 0.9926672016449201 0.984275619619619
278 2780 0 0 0 1.0001229302190509 0.9999722730201244 0.9999872560499455 1.0008460925997884 1.0002529723174405 0.9993661607565661 0.9979837096571239 0.9953766343269899
279 2790 0 0 0 1.000003320956718 0.9995753970299522 0.9996805963791762 1.0011403789681566 1.0007408496069252 1.001268027101292 1.0026843091243591 1.004319680940504
280 2800 0 0 0 0.9995433266895577 0.9996117291661959 1.0001281714371055 1.0011527698007843 1.0005401259610107 1.001181669709353 1.0031103833142963 1.005128320466023
281 2810 0 0 0 0.9992830310168965 0.9993800422647917 1.000123253900806 1.00036685755448 1.000181272607412 0.9995276356274355 0.9999285112125419 1.0003848060281524
282 2820 0 0 0 0.9996899325945302 0.9998681201205076 1.0006731542992822 1.0003364406873645 1.0006979296155953 1.0010742609878258 1.0029834176899264 1.0049412636346817
283 2830 0 0 0 0.9997608355706205 1.0000069053300917 1.0008191805873388 1.0012609691414631 1.0012278593970745 1.0012747803186945 1.0027817631054585 1.0047963856495217
284 2840 0 0 0 0.9996420164903271 0.9999038774811023 1.00001660813513 1.0006507023149471 1.0007734835469906 1.0003678890600924 1.0018687707841754 1.0049676741521132
285 2850 0 0 0 0.9999572282107396 0.9997625371632429 1.0002914822753906 1.000297672054144 1.0003736211715781 0.9997139572355881 0.9996900094007992 0.9996558419531081
286 2860 0 0 0 0.9999328752370855 0.9998906910195222 1.0004278493894614 1.0004662233366064 0.9998855702014422 0.9992107465000604 0.9979500507090866 0.9959400663707829
287 2870 0 0 0 0.9997393093304499 1.000031548920566 1.0003670108164557 1.0002635554251482 0.9996908356375004 0.9989804798542397 0.998156987154731 0.9966068891375263
288 2880 0 0 0 0.9999582528116793 1.0002914396903697 1.0004347815622714 1.000054395237071 0.9998525714930765 0.9998121657118201 0.9999927414192037 1.0000451075021979
289 2890 0 0 0 0.9999534167640285 1.0000117418753507 0.9999007653461541 0.9996631451094983 0.999010522322287 0.9979487011487711 0.9964510150725887 0.9934226781358042
290 2900 0 0 0 1.0000877333746774 0.9998668725982184 0.999842465947932 0.9994310949180515 0.9987968432983022 0.9975771497371618 0.9954533554914264 0.9916662280445977
291 2910 0 0 0 1.0001016838208228 0.999937470392362 1.0000597683273376 0.9998040814496888 0.9994096795088933 0.9986366744178388 0.997608420611597 0.9951132658486117
292 2920 0 0 0 1.0000953013901384 0.9999402055944584 1.0002425927211087 0.9998685368850677 0.9996836161642167 0.9990559916854233 0.9980128224735981 0.996172577723221
293 2930 0 0 0 1.0001945522599216 1.0000095333365013 1.000161030371854 1.0000648783887296 0.9998738278575828 0.9997540703877477 0.999844669083885 1.0000347104474931
294 2940 0 0 0 1.0001309366577278 1.0000841431041922 1.0003917608245951 1.0003406691259613 1.0002354905688562 1.000652056663998 1.0016380197389083 1.0032652017063666
295 2950 0 0 0 1.0001450885657217 1.0001701025553946 1.0002340539638028 1.0002522174789876 1.0001238253595313 1.0003801158845214 1.001199243673232 1.0024385785087275
296 2960 0 0 0 1.0000742316087603 1.0000197327783116 1.0002074908051515 1.0000979452880507 1.0000450959354856 1.000129528417379 1.0003262056023636 1.0008526570782057
297 2970 0 0 0 1.0001364374345816 1.0000824243841882 1.0002353931460322 1.0001901115576906 1.0001512537856478 1.0003230279302644 1.0007827630650254 1.001673530359028
298 2980 0 0 0 1.0001992853020831 1.000099355118782 1.0002071619343107 1.000214126866924 1.0002291085033088 1.000444696567333 1.0008724786789231 1.001541822016694
299 2990 0 0 0 1.0002338300175093 1.0000648723604397 1.0001316295573894 0.9999925552226282 0.9999794472244706 0.9999249547482194 0.999845531653708 0.9994757741364378
300 3000 0 0 0 1.0001026805924043 1.00001750128146 1.0000887621843644 0.9999578002475077 0.9999879156414969 0.9999858051390503 1.0001309467347779 1.0003223424995304
301 3010 0 0 0 1.0000596116339262 1.0000031939549467 1.0000608532111706 0.9999229764057165 0.9998348901096353 0.9995919763195581 0.9992865419099525 0.9985787138392548
302 3020 0 0 0 1.0000172044246618 0.9999805670634077 1.0001087309272931 1.0000716928099098 1.0000686020685932 1.0000298200600788 1.0001191337550885 1.0001316267111777
303 3030 0 0 0 1.0000348941858836 1.0000363816806248 1.00010388852577 1.000151472418893 1.000213767568358 1.0003334378301334 1.000602497516591 1.0011149377666424
304 3040 0 0 0 1.0000170442060485 1.00002823187451 1.0000479598084573 1.000088812582577 1.000101794541302 1.000192766613846 1.0003721839682576 1.0007616511196153
305 3050 0 0 0 0.9999926175668991 1.0000179118265284 1.0000651655907502 1.0000426241101277 1.0000150020653156 1.0000501032141271 1.000103719950762 1.0002473286094695
306 3060 0 0 0 0.999984337514121 1.0000408586912062 1.0000705328684956 1.000056986923691 1.0000819692639609 1.0001643047428501 1.0003321879036233 1.000763184851089
307 3070 0 0 0 1.0000206426525171 1.000017620747064 1.0000570256764498 1.0000481808999155 1.0000597658085582 1.0000763302969393 1.0001680267251254 1.0003863880601416
308 3080 0 0 0 1.000030208802619 1.0000423416320485 1.0000893112196223 1.0001090236617902 1.000115939389804 1.0002032353392027 1.000423368214677 1.000861397951955
309 3090 0 0 0 1.0000494083417464 1.000053781041495 1.0001097075373313 1.00011347825606 1.0001521739843173 1.0002562683742873 1.0004842697228693 1.0009255977173999
310 3100 0 0 0 1.0000169571420678 1.0000305662841782 1.0000907315576952 1.0001180793810975 1.000141114644928 1.0002742550103685 1.0005518353050746 1.0011028781354465
311 3110 0 0 0 1.0000076951956702 1.000035857927201 1.0000430285772486 1.0000859991099682 1.0001040466107782 1.0001793704196051 1.0003955162006526 1.0008281270810093
312 3120 0 0 0 0.9999983284134647 1.0000283509804 1.0000544338503146 1.0000998759452289 1.000144598032347 1.0002428830135233 1.0004575301826333 1.000950051504798
313 3130 0 0 0 1.0000026472810366 1.0000200094110518 1.0000626605990055 1.0000921887571328 1.0001416869537292 1.0002471437149503 1.0004858233695284 1.0010004092911893
314 3140 0 0 0 1.0000129394543704 1.0000206530582485 1.0000456092958903 1.0000792433718626 1.0001084862966196 1.0002102631917589 1.0004171359562553 1.0008311275833508
315 3150 0 0 0 1.0000060751820627 1.0000106794480408 1.0000317007050699 1.0000570253769048 1.000086411211513 1.000175098390512 1.0003344355155896 1.000663967652334
316 3160 0 0 0 0.9999976371368312 0.9999987798581194 1.0000066733622641 1.0000317933828282 1.0000284349996653 1.000070555212051 1.000149682911329 1.000310582087221
317 3170 0 0 0 1.000002731566558 0.9999983195970249 1.0000161955844051 1.000029515556395 1.0000384716646429 1.0000771471445111 1.000152632513391 1.0003250852698446
318 3180 0 0 0 1.0000107739469477 1.000001632562995 1.0000104544124637 1.000035086818966 1.000071451249604 1.0001493485819146 1.0002912300726294 1.0005946479019334
319 3190 0 0 0 1.0000122326923038 1.0000050885740364 1.0000080307324726 1.000027466660343 1.0000465722130696 1.0001127445003497 1.0001978141458965 1.000408353518851
320 3200 0 0 0 1.000009606501976 1.0000060970565583 1.0000195617557621 1.0000370720465723 1.000067968658245 1.0001265767418355 1.0002395757686038 1.0004922883240326
321 3210 0 0 0 1.000002243212825 1.000009198477963 1.0000247930557038 1.0000466240121797 1.0000681152691422 1.0001371157264436 1.0002786378345965 1.0005900667409162
322 3220 0 0 0 1.0000060033592648 1.0000087430275273 1.0000277575482581 1.0000414379587776 1.0000631313940778 1.0001309080822405 1.000275057424737 1.0005804934612146
323 3230 0 0 0 1.0000056893343054 1.0000041689046169 1.0000242989917827 1.0000308433948015 1.0000601464586523 1.000113098665066 1.0002459131459993 1.0005062620403897
324 3240 0 0 0 1.0000033598657196 1.0000032162874835 1.0000215297644623 1.0000262490632097 1.0000524233395727 1.0000794905335222 1.0001693983813666 1.0003544668952804
325 3250 0 0 0 1.0000054806986087 1.0000035204884052 1.0000115879163538 1.000019985166487 1.0000466600535662 1.0000638363004302 1.000146324763726 1.000307643617934
326 3260 0 0 0 0.9999982614674418 0.9999999366649523 1.0000083651940883 1.0000148059659542 1.0000225467599066 1.0000133909824889 1.0000306913609611 1.0000633365406169
327 3270 0 0 0 0.9999935871351446 0.9999956872369398 1.0000016572027524 1.0000077033009673 1.0000115551017361 1.0000057864262357 1.0000270231072403 1.000049391859762
328 3280 0 0 0 1.0000056039846132 1.0000011890544505 1.0000092229049404 1.0000174353689808 1.0000308044001855 1.000055546969752 1.0000996000503495 1.000190190828168
329 3290 0 0 0 1.0000066790389002 1.0000044197975722 1.000006501619315 1.0000078042698042 1.0000213616739078 1.000048721579987 1.0000789491374977 1.0001556722657585
330 3300 0 0 0 1.000000344123959 1.0000043999080743 1.0000082079538957 1.0000103351342038 1.0000253448452172 1.0000585625691873 1.0001095622744487 1.0002174827144403
331 3310 0 0 0 0.9999980222694339 0.9999986891827165 1.0000049057850469 1.000007227586958 1.0000129947568628 1.000035957023044 1.000073882009155 1.0001492040062065
332 3320 0 0 0 1.0000020466412765 1.0000054947832926 1.0000069311591158 1.0000197729177942 1.0000301596570855 1.0000681909232887 1.0001274475465738 1.000250918054488
333 3330 0 0 0 0.9999985269131413 1.000000901423443 1.0000049339576182 1.0000047141471393 1.000010334809504 1.0000227497810192 1.0000358286871804 1.0000678930772036
334 3340 0 0 0 0.9999955585248798 0.9999992598425861 0.9999989020083784 1.0000032907025427 1.0000039219291201 1.0000124509986534 1.0000210966280372 1.0000361876406088
335 3350 0 0 0 0.9999936622584825 0.9999994568131678 1.000005897032488 1.0000081781766925 1.0000081989977907 1.000022888243697 1.0000452320113622 1.00008640463536
336 3360 0 0 0 0.9999967963014565 1.0000004833671292 1.0000037798659405 1.000007198189826 1.0000149798979303 1.0000313850709315 1.0000621856617409 1.0001228377079705
337 3370 0 0 0 0.9999993773678466 1.0000015714301258 1.0000014357648033 1.000005316098085 1.0000137854657627 1.0000299535625403 1.0000564303201542 1.0001116893028807
338 3380 0 0 0 0.9999997007562553 1.000001488953734 1.0000002720044339 1.000005387941675 1.0000153463384203 1.0000318649618296 1.00006574896671 1.0001306063282953
339 3390 0 0 0 0.9999986777394521 1.000000762485628 1.0000015730893697 1.0000040506194596 1.000011209520483 1.0000220712848653 1.0000476402266978 1.0000928049314337
340 3400 0 0 0 0.9999981074101053 0.999998605376808 0.9999992154110561 1.000002021557908 1.0000092172073551 1.0000146429206398 1.000033738359057 1.000066878877286
341 3410 0 0 0 0.9999987142320793 0.9999994875296757 1.000001181431828 1.0000039650803545 1.0000094055340618 1.0000202824165818 1.0000446363002733 1.0000868570449284
342 3420 0 0 0 0.9999981802597288 0.9999994869560169 1.0000017464086646 1.0000042686082995 1.0000094773846935 1.000018496896676 1.000036990815513 1.0000696248992538
343 3430 0 0 0 0.9999986593185157 0.9999990622730695 1.000001175030929 1.0000038726435128 1.0000090664899053 1.0000193466106249 1.0000378015113822 1.0000739660336269
344 3440 0 0 0 1.000000013044097 1.0000001422424751 1.0000017112057047 1.000004134495156 1.000008676086656 1.0000181232502243 1.0000360178200207 1.0000704052341038
345 3450 0 0 0 0.9999994805120779 0.9999989461616471 1.0000003357943987 1.000001244317967 1.000003959610207 1.00000855610593 1.0000158798054972 1.0000307229609784
346 3460 0 0 0 0.9999984722128417 0.9999988475242582 1.000001038033529 1.0000020762604198 1.0000051861402663 1.000010299016791 1.0000214913791987 1.0000421632625247
347 3470 0 0 0 0.9999988818014803 0.9999988576248522 1.000000740600059 1.0000018328774363 1.0000040873210931 1.000008193581563 1.0000171243124987 1.0000331090321273
348 3480 0 0 0 1.0000002836253836 0.999999651383867 1.0000010837623587 1.0000019189327067 1.0000034670614066 1.000008086636375 1.0000162517143365 1.0000309093192141
349 3490 0 0 0 1.000000741891234 1.0000000460071188 1.000001411767967 1.0000011449470407 1.0000020878605673 1.0000053529939883 1.0000108625999624 1.0000212682095404
350 3500 0 0 0 1.0000005520113973 0.9999998230523737 1.000000511704284 1.0000003344408275 1.0000017141220974 1.0000034455050657 1.0000070436795856 1.0000133551053463
351 3510 0 0 0 1.0000005503871354 1.0000004187334446 1.000001362259124 1.0000016717430706 1.0000029070499061 1.0000075987808277 1.0000152150906 1.0000302546202529
352 3520 0 0 0 0.9999996627933321 0.9999997037220909 1.0000011626901686 1.000002225022224 1.0000037427497466 1.000007179476214 1.0000153406155343 1.0000311700094802
353 3530 0 0 0 1.0000002784485904 0.9999995357728582 1.0000007831477284 1.0000015380564706 1.0000016217952956 1.000003283888381 1.0000066833753694 1.0000132491017055
354 3540 0 0 0 1.0000000753728628 0.9999993647963128 1.0000000860844416 1.0000001685172115 0.9999999591414398 0.9999995364347862 0.9999998000944712 0.9999986056128339
355 3550 0 0 0 1.0000003333565002 0.999999415362151 0.999999939579428 1.0000001978720598 1.0000006202037643 1.0000013229021227 1.0000038922440497 1.0000075327487172
356 3560 0 0 0 1.0000002461916555 0.9999998298112663 1.0000000268890916 1.000000183336684 1.0000012836134107 1.0000025008453373 1.0000055430612953 1.0000108485073116
357 3570 0 0 0 1.000000132663033 1.000000157745181 1.0000003767915582 1.0000005538934376 1.000001524959477 1.000003091307814 1.000006943096838 1.0000131777308492
358 3580 0 0 0 1.0000000305567522 1.0000003128309853 1.0000002528365033 1.0000004132235338 1.0000009343068506 1.0000018648107156 1.0000046489512089 1.0000088794988042
359 3590 0 0 0 1.0000001517131556 0.9999999752257287 0.9999998995796191 1.000000071558362 0.9999999187667634 1.0000002216427544 1.000001571311737 1.0000028860930006
360 3600 0 0 0 1.0000001767883142 0.9999999457630695 0.9999999727326864 1.000000145109921 0.9999993597934824 0.999999503086633 0.9999994098184862 0.999998844125655
361 3610 0 0 0 0.9999996664621684 0.9999998775660655 0.9999999320575192 1.000000387296869 0.9999997004930143 1.0000002736994142 1.0000006025145978 1.000001132540662
362 3620 0 0 0 1.0000001015916815 0.999999728844592 0.9999996714724805 0.9999999985666247 0.9999995240355131 0.9999992503911675 0.9999982978214331 0.9999963285213569
363 3630 0 0 0 0.9999998327045609 0.999999549885393 0.9999994282204733 0.9999994922724398 0.9999993013017693 0.9999986604088777 0.9999971003909567 0.9999937914100261
364 3640 0 0 0 1.000000007024729 0.9999999052984944 0.9999999085260336 0.9999999746408158 1.000000337489907 1.000001024865777 1.0000018945735478 1.000003615654424
365 3650 0 0 0 1.0000000238404014 1.000000007768304 0.9999999859969686 1.000000253869548 1.0000011419521748 1.0000022869545526 1.000004439677817 1.0000089318332657
366 3660 0 0 0 1.0000003184580764 1.000000200765747 1.0000001229346573 1.000000402874684 1.000000913878532 1.0000021443648495 1.000004090921815 1.0000081572665536
367 3670 0 0 0 1.000000193623267 1.0000001479312854 1.000000102111918 1.000000083131501 0.9999998582889399 1.0000002444877103 1.0000000591743625 1.000000008221939
368 3680 0 0 0 1.0000001438655979 1.0000000068730321 1.000000127969544 1.0000001966532606 1.0000002447526688 1.00000070940354 1.0000011489570244 1.0000020144629929
369 3690 0 0 0 1.0000002030516557 1.0000000420769246 1.0000003148452723 1.0000002755558113 1.0000002947396802 1.000000986579283 1.0000017116029318 1.0000030430772868
370 3700 0 0 0 1.000000195809965 1.0000002610940015 1.0000002421253884 1.0000003339859551 1.0000003486325797 1.0000011215613758 1.0000023103059779 1.0000042408692513
371 3710 0 0 0 0.9999999877467005 1.0000000128078073 0.9999999731077712 1.0000001220631387 0.9999999739920776 1.0000001790206705 1.0000002534444905 1.0000002798839294
372 3720 0 0 0 0.9999999784692564 0.9999999961756423 0.9999999441327084 1.000000042729012 0.9999998529452628 0.999999732159507 0.9999995128488264 0.999998926416702
373 3730 0 0 0 1.0000000203500787 1.00000005554534 1.0000000998674445 1.0000002624137707 1.00000018603086 1.000000494334957 1.0000010272455389 1.0000021016058696
374 3740 0 0 0 0.9999999850634889 0.9999999692409668 1.0000000479065763 1.0000001677876278 0.9999999742328801 1.0000002162832162 1.0000005158055645 1.0000010971213364
375 3750 0 0 0 0.9999999821204895 0.9999999247969942 0.9999999919812501 1.0000000924690402 0.999999862864809 1.0000000203462067 1.000000128823416 1.0000001682378148
376 3760 0 0 0 0.9999999610023255 0.9999999459099705 0.9999999747249555 1.000000004629035 0.999999916173269 0.9999999688320771 1.0000000866245091 1.0000000523220383
377 3770 0 0 0 1.0000000418984498 1.0000000064677887 1.0000000100053519 1.0000000468324433 1.000000176890407 1.0000004047949627 1.0000008946957777 1.0000017395283338
378 3780 0 0 0 1.0000000075450568 1.0000000091206958 1.0000000404020621 1.0000000850623996 1.0000001025359675 1.0000002474963967 1.000000496795512 1.0000009916109553
379 3790 0 0 0 1.000000001132994 0.9999999288158489 1.000000012643488 0.9999999808617775 1.0000000019544701 0.99999990396252 0.9999997608514973 0.9999995735038477
380 3800 0 0 0 0.9999999762137568 0.9999999013281137 1.0000000023514952 0.9999999947498053 0.9999998670990853 0.9999996827703587 0.9999994112560237 0.99999894390379
381 3810 0 0 0 1.000000001947426 0.9999999772557 1.0000000203402617 0.9999999742397419 0.9999998270144184 0.9999997397248507 0.9999995593142493 0.9999990928295914
382 3820 0 0 0 0.9999999862893549 0.9999999450857755 1.0000000077873592 0.9999999142682505 0.9999998307199163 0.9999997117198371 0.9999993895214764 0.9999987812933163
383 3830 0 0 0 1.0000000116623728 1.000000006822864 0.9999999701114068 0.9999999095107768 0.9999997749219869 0.9999996355304265 0.9999992605756253 0.9999986389468795
384 3840 0 0 0 0.9999999933039182 0.9999999847245356 0.9999999635137883 0.9999999626776372 0.9999999328480189 0.9999999290551979 0.9999998246118373 0.9999997198146707
385 3850 0 0 0 1.0000000040678123 0.9999999926863791 0.9999999483479395 0.9999999278072348 0.9999997922937172 0.9999996123876699 0.9999992235325571 0.9999984709625859
386 3860 0 0 0 0.9999999732208765 0.9999999741241451 0.9999999839362307 0.9999999634524616 0.9999998971334098 0.9999997520748638 0.9999994618143251 0.9999989692945391
387 3870 0 0 0 0.9999999830660734 0.9999999772970678 0.9999999495249104 0.9999999075168825 0.9999998568865636 0.9999996688011379 0.9999992856243709 0.9999986428309728
388 3880 0 0 0 0.999999988456437 0.9999999886246942 0.9999999886025022 0.9999999862788373 0.9999999869832488 0.9999999391815027 0.9999998728107485 0.9999998259399365
389 3890 0 0 0 1.00000001522778 1.000000019428917 1.000000005056146 1.0000000035068608 1.0000000249144556 1.0000000097332478 1.000000013480312 1.0000000275857979
390 3900 0 0 0 1.000000020008155 0.9999999964937694 0.9999999802344182 0.9999999800719858 0.9999999928574231 0.9999999559613475 0.9999999219694564 0.9999998353519577
391 3910 0 0 0 1.000000002111883 0.9999999903219275 0.9999999703866786 0.9999999701543881 0.9999999556322164 0.9999998717253926 0.9999997598574221 0.9999995097600646
392 3920 0 0 0 0.9999999983041139 0.9999999805473819 0.9999999721131211 0.9999999703160705 0.9999999647071188 0.9999999010670999 0.9999997965573024 0.9999996024623783
393 3930 0 0 0 0.9999999876957045 0.9999999828554325 0.9999999675789475 0.9999999552452435 0.9999999328976092 0.9999998426747873 0.999999695522861 0.9999994125032244
394 3940 0 0 0 1.0000000000976792 0.9999999919720237 0.9999999837744284 0.9999999739654664 0.999999942205183 0.9999998700273195 0.9999997500661106 0.9999994960967219
395 3950 0 0 0 0.999999996846592 0.9999999804704993 0.9999999743124154 0.9999999622681834 0.9999999491328858 0.9999998764174789 0.99999975334969 0.9999995017056248
396 3960 0 0 0 1.0000000021526088 0.9999999906910273 0.9999999958546879 0.9999999894510841 0.9999999939094497 0.9999999655034382 0.9999999321745574 0.9999998593470437
397 3970 0 0 0 0.9999999967587302 0.9999999874042701 0.9999999972250441 0.9999999939122242 0.9999999818640325 0.9999999490206635 0.9999998984568089 0.9999998034728631
398 3980 0 0 0 0.9999999905825628 0.9999999870716488 0.9999999968536247 0.9999999915051015 0.9999999778792455 0.9999999596797886 0.9999999273396976 0.9999998454913902
399 3990 0 0 0 0.9999999957314893 0.9999999926489215 0.999999998257373 0.9999999903035581 0.9999999762523258 0.9999999476444584 0.9999998909606593 0.9999997735293398
400 4000 0 0 0 0.9999999945156599 0.9999999914285093 0.9999999896800508 0.9999999871850684 0.9999999733415635 0.9999999433412815 0.9999998864301344 0.999999772392203
401 4010 0 0 0 0.9999999931176817 0.9999999929431702 0.9999999910013415 0.9999999889503955 0.9999999851957743 0.9999999756672877 0.9999999505357843 0.9999998978219298
402 4020 0 0 0 0.9999999933425406 0.9999999914613991 0.9999999914045675 0.9999999890382761 0.9999999864714453 0.9999999769636161 0.9999999509213932 0.999999909510265
403 4030 0 0 0 0.9999999938824753 0.9999999964503862 0.9999999996840941 0.9999999972745072 0.9999999990442436 0.999999996540706 0.9999999971786246 0.999999995522542
404 4040 0 0 0 0.9999999962512086 0.9999999982470088 1.000000001750507 1.0000000058997045 1.000000006070001 1.0000000074632718 1.0000000153109414 1.0000000324927636
405 4050 0 0 0 0.9999999990994453 0.9999999990475895 1.0000000021830249 1.000000009069468 1.0000000121782735 1.0000000272664875 1.0000000562896367 1.0000001215496672
406 4060 0 0 0 0.9999999978000224 0.9999999981681033 1.00000000275792 1.0000000095996213 1.0000000173193633 1.0000000354595875 1.0000000701250709 1.0000001408118409
407 4070 0 0 0 1.0000000004932466 1.0000000020287885 1.0000000019460682 1.0000000058480147 1.0000000093523151 1.0000000182041926 1.0000000327775949 1.0000000616309062
408 4080 0 0 0 1.0000000018733304 1.0000000022053204 1.0000000049145352 1.00000000768594 1.0000000142625491 1.0000000233833526 1.0000000467382564 1.0000000924759824
409 4090 0 0 0 1.000000001207688 1.0000000001478477 1.0000000029232967 1.0000000066048935 1.0000000111323295 1.0000000217774099 1.0000000423822124 1.0000000844624206
410 4100 0 0 0 1.0000000003125116 1.0000000010236936 1.0000000001221452 1.0000000031355976 1.0000000033154965 1.0000000084463234 1.0000000179036181 1.0000000350383556
411 4110 0 0 0 0.999999999352527 0.9999999982579191 0.9999999975418002 1.000000001045764 1.0000000018545199 1.0000000034060843 1.000000008686777 1.0000000169823742
412 4120 0 0 0 1.0000000001752145 0.9999999991166618 1.0000000007599752 1.0000000039317418 1.0000000064644534 1.0000000145140413 1.000000030754419 1.000000059441145
413 4130 0 0 0 1.0000000008608385 0.9999999996820307 1.0000000007904666 1.0000000032807845 1.000000007842724 1.0000000148981842 1.000000028798183 1.0000000561957032
414 4140 0 0 0 1.000000000766507 1.0000000002753997 1.0000000020160489 1.000000003888251 1.0000000070203132 1.0000000159803577 1.0000000329303553 1.0000000662332835
414 4140 0 0 0 1.000000000766507 1.0000000002753997 1.0000000020160489 1.000000003888251 1.0000000070203132 1.0000000159803577 1.0000000329303553 1.0000000662332835
