% # columns="iter, evals, sigma, 0, fitness, xbest" seed=325258, Mon May  6 19:48:38 2019, <python>{}</python>
1 10 0.43578038886903525 0 105.71438361777598 -0.03789332259318478 -0.22051513721796787 -0.18930429521804717 0.7728003189453647 0.09864214705930402 0.05777719417753449 -0.2048951119128667 -0.16309061367931763
2 20 0.38507430216776606 0 71.18635598766335 -0.20811803458269082 0.021262049324289295 -0.2808111631504195 -0.005825528337807084 -0.27887597894735205 -0.36892858159273967 0.2699234336490647 0.5614665271573486
3 30 0.36425503075528604 0 62.6931098377752 -0.6799123326661772 0.2551873621458366 -0.13853163703920165 0.05569039965063237 0.3862424723864089 0.08836213182274255 0.5744144553102355 0.3426156093071752
4 40 0.3594019695806161 0 51.69624314795135 -0.8820528796550603 0.6027827351554849 0.44215618414048474 -0.022102702488698146 0.0409623923901557 0.16876867300396126 0.5818927867787529 0.5072988124792056
5 50 0.3602481518155411 0 35.39485532166642 -0.5626549409325576 0.7234244754116586 0.3594373493886593 0.3278851274252201 -0.08253656470704451 0.05670120118161265 0.0876303842809878 0.1243247984379916
6 60 0.3363558337416678 0 33.39680851107059 -0.3795675255917903 0.31007521359887724 0.4603415618130582 0.10655408210458336 -0.28157068440865257 0.010951838950212234 0.045241291117411375 -0.010346731048890334
7 70 0.32296510476858437 0 33.98805386969316 0.08986390743180589 0.1683870756256377 0.06960520203500514 0.13387346651542312 -0.028698315466921573 -0.41267615331237917 -0.04415538332206899 0.06427705642826537
8 80 0.30122808579608723 0 49.9646955045841 -0.8658899981411858 0.4807567606697941 0.31359838243503724 0.19202916987350815 0.486452352319942 0.12056642908727686 -0.22753946059907387 -0.19985910070962004
9 90 0.2675812076599264 0 45.10888634455817 -0.3118306218844837 0.16249804676739746 0.02491498392310036 0.042280920513844605 0.2522851102724949 -0.10043778840422356 0.43272226448970164 0.5233699134723815
10 100 0.23234955331869778 0 26.367080163435904 -0.030933302283400133 0.16911798625684216 0.38534514022037736 0.1381369227198349 0.13437005403312624 -0.043361241210291404 0.14912136306219684 -0.09990434402389223
11 110 0.2136322591649247 0 25.982650549987067 -0.09469958596934688 -0.09190291104577245 0.3156534802446301 0.21977546129432904 0.14577839638107543 0.25812183286685764 0.20484672938011944 0.09020514332478502
12 120 0.19328561613494885 0 19.973223495196905 -0.18762017512429918 -0.0758709345739886 0.21414684354737798 0.11735841270105596 -0.12252858245893772 0.19768179770887606 0.09644338420539754 0.1388085576198842
13 130 0.18139039142830454 0 19.889566438661284 -0.02742766659076623 0.037984505744567326 0.3062583818750805 0.03100652687782815 0.06468663983725824 -0.1417076286134219 0.06791903469366682 -0.08778214961951937
14 140 0.1704738643483453 0 13.121642817067194 -0.12920641548537531 0.1845305550213326 0.11020878898287037 -0.009936207108753044 0.041901248037765806 -0.11191035344476882 0.0334817688526184 -0.11399059617685336
15 150 0.1638301820366595 0 15.97011059632334 -0.0804801431371732 0.10229702549464909 -0.06674405226176353 0.10418989779094723 0.04929323884129172 -0.09641502575634901 0.2182385320244946 -0.06812203337938211
16 160 0.15610905145635284 0 18.6026094198892 -0.09949072345630265 0.02091781064666015 -0.007249461581079052 -0.01879513390994721 -0.028626059905796516 -0.299291221108156 -0.010465764068234601 -0.06847218780961849
17 170 0.1511335273655563 0 13.163176693224665 -0.1332029700764893 0.11599277295964255 -0.019853481173676024 0.084714839207104 0.10299183007407839 -0.10798722764627312 -0.09509919594889617 0.09487322246247643
18 180 0.14477698750389592 0 12.256639912286616 -0.14317427127109464 0.06557423951249922 0.019310962694229196 0.13238632325845462 -0.023317248073283135 -0.08101137956331486 -0.11410422487172296 -0.06752110093476352
19 190 0.13146079547089784 0 11.441859617114517 -0.20599212387277277 -0.029469490374727778 -0.017548025007843374 -0.06831873140029368 0.06262514456939497 -0.0696775598411506 0.149798311100291 0.015457587912579035
20 200 0.12830667761479206 0 10.131244474314967 -0.2149043742102543 -0.0748087900473787 0.029147608078637546 -0.067642961567821 0.043053556771378024 -0.01675855242260414 -0.039747358727341905 0.025152845048853317
21 210 0.11326994557232639 0 9.821877107706971 -0.06513719702178522 -0.003700341431856345 -0.013337690763349286 0.1262530798523291 -0.008209955845148546 0.047958546116875986 0.059262228827455576 0.09603354337526776
22 220 0.09817967098504853 0 8.764598040264536 -0.12469427388599716 0.02198911059928911 0.05043183013809136 -0.03889844308343747 0.07103604698875353 -0.04389919113807366 0.04894477897909981 0.06032763957631976
23 230 0.08736913339527866 0 8.485081777589736 -0.13521671296881946 0.04624707485328288 0.03311499295976666 0.054732787502777575 0.06662222260479542 -0.049956684093550106 0.06905326822858937 -0.006419681978439666
24 240 0.077079255057791 0 8.183928583103665 -0.034221617475799104 0.03615853276872234 -0.004642377660209661 0.006518662490043134 0.01195533723085658 0.0005896456354300842 0.04879956757078395 -0.09388155920806554
25 250 0.07346347728715112 0 7.329216096788819 0.11306956333948252 0.053431293158275675 0.03688647456811832 0.07038514674241118 -0.0012690813429604205 0.01096737008240687 0.03938989301288272 -0.013854314633429739
26 260 0.06740064804616831 0 7.284937738434838 -0.005094629900389948 -0.006610030756965049 -0.013161717354064496 0.04317736459561661 -0.0030136133191604637 0.02954281185030843 -0.008161995930932277 0.022582120420094574
27 270 0.06063515705510994 0 7.383344452011134 0.0011081635368157504 0.017820688328021448 -0.006178225332588293 0.0613827147805035 0.04456493370831478 0.005186603926180847 0.02556625344194897 -0.016803926801346104
28 280 0.0541521793089519 0 7.58743094493865 0.02928285473444919 0.061090036945485024 -0.010985988367913884 -0.023664099250562225 -0.0042577868263972 -0.01303199778205843 0.049139010670452496 -0.02093551344520744
29 290 0.05622717640901989 0 6.799775887513171 0.1458825521709839 0.011329272564349936 0.010268679215731108 -0.0016919172625514296 0.015536406801092285 0.03973826260405114 0.021721142359709626 0.01472791273458194
30 300 0.05453282469978858 0 7.203174459594051 0.1307778654145736 -0.01539535390123721 -0.008573365233208115 0.018217380388124996 -0.014735202082673855 0.016509353710308653 -0.033827215699636065 0.02521121477543388
31 310 0.05030438088721752 0 7.07629413557952 0.07546988014412266 -0.0033716845667852036 0.032459677314498364 0.012885566717227763 0.019611034016834786 0.05444744945553859 0.01512964323833092 -0.007927661561916582
32 320 0.04620192679053921 0 7.151076017093478 0.11654802636101419 0.04001543919004282 0.03090307116157841 0.03098538045676567 0.007787173891184964 0.03134161054775079 0.031009629242903583 0.05297797046444247
33 330 0.03741121076716103 0 6.90839771139393 0.10000759623922031 0.013063557622064499 0.015475457667839098 0.02469602851662685 0.025666730632168722 0.03714161739188261 -0.002399481275174694 0.020291044155721298
34 340 0.03620789087601685 0 6.763237451034215 0.1490199645216579 0.014290297335660444 0.005959411399567224 0.03264526346724443 0.011989899745873207 0.012372760009316532 -0.004420913023202317 0.019570022038492195
35 350 0.03792088675723169 0 6.7570700340709795 0.18671929275691695 0.042697346504235206 -0.003182949110640194 0.041235299857320704 0.010285591518130474 0.03956245235654242 -0.0036353828968099617 2.8169080890107744e-05
36 360 0.044140912246966285 0 6.639547831072984 0.22896717501472155 0.07172981577303386 -0.010191587517750175 0.03512879204747882 -0.0033558588054750232 0.00983713891648011 0.028970449873256483 -0.014416172431836283
37 370 0.044528089808440065 0 6.660529851423591 0.20943888645310438 0.06058654153984937 0.020259311541684952 0.024856135689751722 -0.008555184933827408 0.033988609132930295 -0.011599852083211326 -0.011528834178291448
38 380 0.045645500918142796 0 6.580786365208664 0.30239480676121555 0.07540062999493358 0.0006650655988897722 0.04675094220041888 -0.017256750461600648 0.008313421427658018 0.009671574858484626 0.018157089964306775
39 390 0.04558622993970003 0 6.661257369769859 0.2951628419594092 0.10250118288182644 4.8744298594833625e-05 0.02555489236474786 -0.024348885152743607 0.005120172171575675 -0.03257034422140911 0.019370586854549173
40 400 0.044483592551967335 0 6.5270854526768325 0.31985500115273746 0.11758383115358184 -0.005258624801091956 0.015477113968287645 0.02185468527965671 -0.012048653487061061 -0.02995821086656998 0.017484631046248686
41 410 0.04462307616938636 0 6.314028225724963 0.3300748721130784 0.11120069747863492 0.03525978530143776 0.0037240534163976713 0.019512744123253836 -0.020836809090230928 -0.0028120271922155455 -0.007238037324880136
42 420 0.044406310234306905 0 6.355288701432183 0.3740589825687246 0.13516682264386112 0.038788351267416005 0.03175828996524743 -0.017319291785158467 -0.030222954663915638 0.0189699330992086 0.0016420081262068145
43 430 0.04522668619156907 0 6.147313729948419 0.38410115378468507 0.14225296341925256 0.03072037428114477 -0.006844246953181201 0.0006805152678753699 0.016531834674613347 0.028090113382827124 0.021756543656137266
44 440 0.04260420520666641 0 6.3445471850577775 0.35805345305379543 0.12324548424645086 0.028237140552510698 0.02777007828561632 -0.007426872937375049 0.023960781862868135 0.0046785265375216024 0.039794439201137226
45 450 0.039059355175583094 0 6.2816125874813835 0.3966649719225626 0.12510464670256047 0.02246579670792438 0.03808248498328777 0.00849534567258783 0.012949724783196344 0.028595280420201305 0.014300447406790085
46 460 0.03617848072289496 0 6.116422062206446 0.384678552981719 0.14282184674038317 0.024931379074067967 0.00351908784949595 -0.0036909993222335536 0.031467457128515675 0.002632105210295322 0.01140529658530844
47 470 0.03590827415694907 0 5.944586738491319 0.42089642813614175 0.17923140710927007 0.045116777277320885 0.01799746134066514 0.005989728072344974 0.011392797653933421 -0.008508161101989362 0.010359950576297818
48 480 0.03585198223440189 0 6.047519309648052 0.3991179477683899 0.18444642700228323 0.03531219607256728 0.008367212542906958 0.0008408359157397111 0.0203683853780841 0.014043657640070196 -0.021860384634641947
49 490 0.03627476769171328 0 5.986256330670121 0.42408837969124635 0.1709690232657673 0.028286723602286942 -0.010708502019091615 0.01772071772814512 0.012253768633464172 0.015062392206670577 -0.0044643817852360705
50 500 0.03377257098343876 0 5.897996081575455 0.45256712293178325 0.19743251840372578 0.03518315315388349 0.009923671641271777 -0.00391956917656555 0.022963121057480745 0.006884392928769658 -0.014645296642850334
51 510 0.031229993570146292 0 5.906593504097397 0.4325347763050153 0.19728415938890292 0.03289576908025479 0.018168582665251832 0.007972164494451647 0.022537296706639755 -0.0001863908565559987 0.003735313046417557
52 520 0.03160512719026884 0 5.844092504176095 0.4601782509614261 0.21097171861917094 0.03899361743299863 0.022327836774326267 -0.003555871702262298 0.007063804291134589 0.018530131392919834 -0.008169289484606143
53 530 0.031902280747362094 0 5.869104186292951 0.4753748501422622 0.2335176095689719 0.06153115785512749 0.018341771296260443 -0.00967900638385006 -0.0018216807484138665 0.018617914755661255 -0.03111383557413376
54 540 0.03145128214111639 0 5.792480184275986 0.48211628083438746 0.23557621182815588 0.05273375602999766 0.037948862266469444 -0.0010640980870147657 0.00835060367285683 0.0008018835155848012 -0.0010110258424711888
55 550 0.03040747592205805 0 5.784573833694887 0.5145448767085392 0.24201104760741257 0.06422116286021423 0.019995240769051972 0.004123512908504737 0.029632731471382553 0.019404212372403015 -0.01956899609128735
56 560 0.029514662849497504 0 5.704751028190256 0.5069238110912873 0.25141197254562897 0.07771675008838022 0.02793335532275921 -0.001526398077041419 0.013763996838958993 0.013730511740874614 -0.02158265643435581
57 570 0.03078854474580642 0 5.751705473932157 0.5461732194066147 0.27243875465553985 0.0654376144332012 0.009239371548376668 -0.003564025182335808 -0.010903647298838203 0.009212261713830357 -0.022731885275911665
58 580 0.027812577123453176 0 5.720893115559573 0.49360913499502307 0.24896769070666408 0.08254151022479383 0.03353872879056631 0.010593977670243263 0.00673869552304407 0.013136187232055311 -0.019381604911571048
59 590 0.028376421752291634 0 5.597739474859279 0.520120641861375 0.28515513775101275 0.09320106818123486 0.03011243349496672 0.014695427384164407 -0.004381571722594797 0.0026721951009832674 -0.012619760071278425
60 600 0.03261515343362589 0 5.533740642205238 0.571190578652491 0.31467015965477424 0.08308933730768761 0.038911998495739376 0.016862579983327373 0.005626199212514783 0.012678402428674379 -0.004279745358424472
61 610 0.033786592236864865 0 5.529091430626865 0.5613594178520339 0.31536687731098767 0.09030005378472332 0.03252463849925944 0.02919638180708395 0.0035113583751560707 0.007557979140126037 -0.01745006648774595
62 620 0.03391796369135831 0 5.519008561515429 0.5541703807170881 0.3096236501008493 0.09253837231997349 0.025572535294641666 0.01542140267833594 0.032457919388170206 0.014490345859209856 -0.013760690419561905
63 630 0.035239137191820986 0 5.465377218498547 0.5909060176481001 0.3311577213772776 0.11795740052355978 0.02497165076728838 0.016038252427589716 0.0396844814915409 0.0056282253884523395 -0.01017917715308974
64 640 0.037639263399670636 0 5.353278709011807 0.5827248324614537 0.3515630176501373 0.11503835170656275 0.017751527575919468 0.005762003977916706 0.015890519259009056 0.019219310726331783 0.006670179373157784
65 650 0.039061950405958674 0 5.359846811049053 0.6173339986012901 0.3861847380024099 0.1214831042844382 0.028799938020306573 0.026050860879602334 0.008375168002230924 0.014640345533446775 0.01731505463877978
66 660 0.039652288545914204 0 5.276668357692906 0.6396883250498656 0.4062833464009777 0.15013045132651295 0.015186997739724597 0.03271550921917401 0.011514851686743738 0.02582342161964901 -0.016492879783415425
67 670 0.038924736836437435 0 5.250034184659857 0.6147154912451895 0.3725048722583077 0.1427477336393028 0.02087956293472893 0.0042791361197700335 -0.008674385729578826 0.013871232431413173 0.002146517669778159
68 680 0.03809714889280629 0 5.251015461027992 0.6263249422925704 0.39613137877732996 0.14919805547356008 0.037638823601646706 0.01118178766678327 -0.01641017668832815 0.025685554161888578 -0.005674335036524045
69 690 0.03777299534463795 0 5.2155383086180835 0.6104155603842154 0.39137880377325934 0.16239570778787116 0.03183888487531214 0.020442730143494073 0.00490407273628176 -0.0022689583153511113 -0.011450699094623071
70 700 0.034976179594787986 0 5.152186885007438 0.6399670508308335 0.4117438153941227 0.17836506914470696 0.028294455926567715 0.03499137845268149 0.00675155207832389 0.008864265880156347 -0.014006110715982966
71 710 0.037462023400003285 0 4.989108461738472 0.6732892896039416 0.45361002426202524 0.21021912493776213 0.033819189354289826 0.009334012275838924 0.017722954861069173 -0.00297394744205675 -0.015050096327675533
72 720 0.0343956831522593 0 5.144110953077134 0.6245366092972108 0.40364452752539726 0.16593564184411053 0.03084305862273845 0.005778071808285516 0.016162922127650872 0.011767344259286095 0.013358798977119637
73 730 0.03576404523017713 0 5.032915100685019 0.6691862878145428 0.4553651478347732 0.21239995944838108 0.029025167315524698 0.006974535556995976 0.02081025308412804 -0.004999911598212898 -0.015740920094734136
74 740 0.034843762332167065 0 5.001348015587693 0.6655169577979346 0.4423621183740936 0.20115131944721354 0.04006645795192432 0.025348210911602297 0.017644000575666684 0.005274839786793007 -0.01535200987322181
75 750 0.033337076051670037 0 4.973710389476597 0.6913857277697059 0.46849484338614444 0.21230142984911565 0.03874999580464463 0.0288597107883899 0.026085466910322742 0.00015734369086012594 0.00576641225153989
76 760 0.034651635579545814 0 4.826655092913667 0.7173807957937639 0.5076117870491434 0.26186984141182507 0.05474553886711954 0.028180598405300808 0.03371542491131573 0.0073690206510684956 -0.0031508883952564007
77 770 0.03600377324422572 0 4.892876265699352 0.6819747496195042 0.47071331423161533 0.22250242788449112 0.062396218808297044 0.024515398479312823 0.02070496099738512 -0.002254359266522939 0.009679800621094994
78 780 0.03778204587614598 0 4.833842552539178 0.7191768906042584 0.5170080234652837 0.2435548592890129 0.06658669364266415 0.033591539197734235 0.017010794909708422 -0.0018186133706120057 -0.004505479674068246
79 790 0.03889118222108839 0 4.910782886335774 0.718645004933867 0.4904099318999268 0.25209090713051163 0.08812848417989197 0.025689771242339003 0.024185088974746322 -0.013350069872807917 -0.0062639500365702
80 800 0.036934316643024066 0 4.847764765364509 0.7276870526567712 0.5167793282264331 0.26013188044958235 0.06491520042925629 0.006713447121531161 0.004722105136859913 -0.008441778107292292 -0.030322688736033724
81 810 0.035270287492364806 0 4.716299488045536 0.7277585846451584 0.5204011275843032 0.2668807572123645 0.07465886128873184 0.026577203230329086 0.026190606068619785 0.012618384709522517 -0.011296173135481246
82 820 0.03476422762002814 0 4.638321298516981 0.7386574687530139 0.5453448753968052 0.2860932097727781 0.0829666808913365 0.027295963339554252 0.022985914266701872 0.002366777596858342 -0.0110966778125814
83 830 0.035669894232405616 0 4.657659842860427 0.7262792408818987 0.5471920551346281 0.2870359055690986 0.09149555041563374 0.01600595208287181 0.02260776209513458 0.0191293590115899 -0.00700157956089515
84 840 0.03941972183425274 0 4.603100688673521 0.7470817905392525 0.5759259672562513 0.32125321101095444 0.09240442024597835 0.009875303536215303 0.02487425382471885 0.013379859423961513 -0.019354826722515674
85 850 0.04313783215524533 0 4.540406403045088 0.7577126016904641 0.602544314907428 0.35524525554200304 0.1159763533700264 0.04130035670786003 0.021603813989120556 -0.00489938128525492 -0.01514205219303394
86 860 0.04548019630796862 0 4.536309043665952 0.7636329917206663 0.6018117767537092 0.34230254945223526 0.11179048681119587 0.04533631300379643 0.010163108272955208 0.006131096139424312 0.016206473838363628
87 870 0.050186572556059045 0 4.574342035474268 0.7542960253928742 0.6048212084648482 0.3626762193172023 0.1181039833649753 0.01166581771054715 -0.005002875291607121 0.030877756521632646 0.005308068495773964
88 880 0.0542813648353735 0 4.388480459733857 0.7944563713554761 0.6293606023910306 0.38545864658127865 0.12064032281262274 0.03280902388563714 -0.0025933972597233564 0.0080007066252844 -0.004893834622738612
89 890 0.0596117040072105 0 4.388430865256099 0.7686590725465158 0.6192844669705124 0.41330064661101684 0.17483696562700562 0.04017326270927906 -0.0017339104241934735 -0.012827302005018464 -0.012571266554536638
90 900 0.06431897915679863 0 4.428191052101428 0.784061740497922 0.6526502877169359 0.4457296209161244 0.20776067110684893 0.024154644301490547 0.004284641678061059 -0.005562324080347025 -0.03732674905294167
91 910 0.05957430981173221 0 4.287751536838372 0.7913454568090889 0.613952274100493 0.3852315551180562 0.15555764642492084 0.03489751220059337 -0.006037118094039631 0.021225329400074894 -0.011361118560887345
92 920 0.05951959466956017 0 4.188602130988652 0.8097113532578395 0.6887928481841035 0.47093741219408475 0.1929342527521436 0.038743581045810625 -0.0034935866097806105 0.008399756927887516 -0.007565377975010844
93 930 0.05729431360156353 0 4.372335781474173 0.8114125631045336 0.6748182670590726 0.46537643746232177 0.2098044397646848 0.0033270379147242596 -0.019707413862224386 0.018408425087255646 -0.021019874671123713
94 940 0.05002922881776391 0 4.281659506072206 0.8323477474611487 0.7072666158404721 0.47259535988029233 0.18696115356337314 0.02424500583942147 -0.011329103435728193 0.0008759976980090376 -0.00125489571581602
95 950 0.04235748426928222 0 4.198118406541015 0.8273590590740431 0.6943434617637542 0.45282860051848806 0.1938786910109846 0.027682201356600072 0.0031545328890129603 -0.009172776881481152 -0.02026802247462298
96 960 0.04337801620208489 0 3.935527839008287 0.845684039162751 0.7231217279988629 0.5116288871774664 0.22931848349822098 0.06352256151331334 0.003351601547298034 0.017055920688270554 0.003065857886934316
97 970 0.04838904880082834 0 3.917665067950628 0.8438819167306935 0.714710215871169 0.510969789698842 0.22842207618667576 0.06766064435370374 0.019260501922959798 0.003984320384318208 -0.0006268241202172942
98 980 0.05286192255815553 0 4.013680132213332 0.8545928729230899 0.7205447602152151 0.4812007857178065 0.24666373334877917 0.05936029662746484 0.03212302027415821 0.010690510083742966 -0.009596074678051372
99 990 0.05643269299481307 0 4.034642650879733 0.8549517079958184 0.7247382799679734 0.4968203757975156 0.222865011580567 0.04905126229515087 0.035016254701082224 0.015764851407437015 0.008548630231677854
100 1000 0.053870150432192045 0 4.063820321010411 0.820402666442814 0.7042843532596477 0.49382363590129696 0.23295416890099535 0.040029313954027264 0.0211520720402762 0.025105217462943284 0.02069832438617394
101 1010 0.052778708138557506 0 3.9528251029458183 0.8379964539224315 0.7232109264261645 0.5147150746115701 0.2683826229331494 0.05650749988696958 0.04432459354557233 0.0006492061923136852 -0.01773757952597039
102 1020 0.04821476585470513 0 4.105757858186574 0.8616470519969478 0.7497729973316327 0.5234348511474107 0.2587945835693279 0.06299830306357412 0.05943868762460207 0.007287465911820827 -0.010095492940854798
103 1030 0.042648128632300455 0 3.9200525274619373 0.8425268596659129 0.7129573040997222 0.5006782596603677 0.23615174129359573 0.04847284830163333 0.037810145664654723 0.006307982851859651 0.0010510036647302656
104 1040 0.04015587263749071 0 3.7968406922171347 0.8503299779157183 0.7244232431791292 0.518784648169658 0.25681401745915616 0.06388461915885112 0.02314997900807884 0.029707795801353895 -0.0032663258493863282
105 1050 0.046302054080748486 0 3.694352507535697 0.8676702465597618 0.7410658919773785 0.5319843626304248 0.29236974158789486 0.09692802075556023 0.040282164541737026 0.004773463753938891 0.0035186260424026343
106 1060 0.04908087374128889 0 3.621280623620114 0.8747154639562433 0.75277509183582 0.5680481532105739 0.310830859737662 0.10025675512106141 0.03966499382972672 0.023333132360010937 0.01826816016879037
107 1070 0.05670093187522513 0 3.5466686804558316 0.8884607215725365 0.7628698790052081 0.577177040374464 0.3377358176860169 0.11563362299277972 0.04382277430778676 0.017259588958220027 0.00887674082848907
108 1080 0.06806041427242132 0 3.480850234844055 0.8628977225688954 0.7602977637450226 0.5835212917469779 0.36502437255534387 0.1368366857794779 0.006455847012828288 0.013724082239777478 -0.0010267900461230356
109 1090 0.08075036922009485 0 3.302190290231653 0.9058775636603844 0.8054280717482093 0.6709422939169103 0.44853617691563685 0.16470550360693134 0.04150158475364826 0.006391514659391856 -0.010322370530131464
110 1100 0.08603667137186523 0 3.4559267620317455 0.9147317065830968 0.7930132197462363 0.6489854150603329 0.4154914226565079 0.16573382032905803 0.04064174656651027 0.03772714110319507 -0.009301278249879814
111 1110 0.08875747574557069 0 3.41517207623077 0.8758421349153961 0.7724822257175556 0.6168297336951009 0.40176214106240643 0.17087926195161554 0.06942295079365243 0.01299722167970912 0.022452523239256568
112 1120 0.0945788363483253 0 3.2457566565121394 0.8813447346490701 0.8030665871475683 0.6872898943643515 0.4801933858559958 0.2220409870915243 0.050115041020398425 0.01665734022908202 0.0263978896551633
113 1130 0.08644318435330606 0 3.420871891891802 0.8865275576457037 0.7861467256791721 0.653969822825631 0.4565885581180505 0.17961992860962073 0.02140887403855202 -0.0034063010929353196 -0.0020603418977169358
114 1140 0.08394845799167033 0 3.3750852252445696 0.8828074217478016 0.8032373492365467 0.6746696766718604 0.48815769526397595 0.24577563809947334 0.03715319441730535 0.04628926756391651 -0.01663301978827676
115 1150 0.08357696363016195 0 3.267389335899274 0.9238683694343277 0.8656627039954692 0.7608304299328649 0.5690586588767422 0.29627711333223994 0.029914368464394676 0.017112976816989926 0.035473607221284224
116 1160 0.08214907320861402 0 3.4494022919384633 0.9296162961634903 0.8655238231282947 0.7177374818963906 0.48873346235149273 0.20888682305578954 0.060589671540419686 0.0012451785765137148 0.05401546063905428
117 1170 0.08418261593080079 0 3.022288980159919 0.9341292074421887 0.884915298412482 0.7525988065603165 0.5523924363860975 0.28127056849486465 0.05816765636236208 -0.00682649339652331 0.02952186241132479
118 1180 0.08253771724570691 0 2.847765998019069 0.9214462824089061 0.854474848848882 0.7435148694795012 0.5617238157360935 0.30517116802656674 0.1047950740270417 -0.00535254189847508 0.043366473820162815
119 1190 0.08689657953474715 0 2.9808360504334948 0.9197046400392968 0.8720785733570252 0.7783006307852304 0.5748588008306348 0.32288045235460766 0.11359487571668477 -0.016218545993244175 0.039775836985108115
120 1200 0.08617708117164888 0 2.99566829410183 0.9567858238746896 0.8699366769792178 0.7736034789324833 0.5856650740567045 0.3389502182874264 0.11112915662802456 -0.022066931854984907 0.033510695349996414
121 1210 0.08591798820102624 0 2.8380376889227312 0.9404848822731426 0.8831501804022011 0.7487251584899729 0.5539844517980205 0.336517344594988 0.089385329211659 -0.007344051768820196 -0.006554623488670523
122 1220 0.07906747343700256 0 2.624633490133899 0.9401639754149792 0.8813928316006819 0.7732800699360969 0.6092956781545897 0.3666397975021826 0.14309227596449958 -0.01898809715201319 0.022505438466370202
123 1230 0.08007120826214927 0 2.5811678856592764 0.9433887279635966 0.8922955626738073 0.7865110805974304 0.6202354899923441 0.356533234576414 0.11448202277919071 -0.009525994204114863 -0.004990104723412372
124 1240 0.0871980547217194 0 2.703573097333205 0.9242526482307603 0.898603516194618 0.8012645813789783 0.6522657344279439 0.40834337886831595 0.1263246250407967 0.03162666035902861 -0.020837251569078792
125 1250 0.09203700571772003 0 2.5823240532628073 0.9681316442705625 0.9308846936400469 0.8426381667163747 0.6960021246240915 0.4580314670915947 0.15821562418367618 0.004111532239806863 -0.0069538925033175445
126 1260 0.09520910048865845 0 2.3560157337371335 0.9306662730494306 0.8973938079503848 0.8113884887478429 0.6606897822178117 0.4347751093597335 0.17000415490654505 0.02681785328601608 -0.030211525190380718
127 1270 0.09466089845041506 0 2.5905057747009628 0.9557558625217314 0.9210245633504209 0.815704521306584 0.6761766371863043 0.44270790229340046 0.15791522001287228 0.04257294672139127 -0.0413712999891776
128 1280 0.08917349187148604 0 2.9842338299093107 0.9354113311730979 0.9216227272616898 0.8009227658921293 0.6825327286659273 0.4272669880615346 0.1668325910114705 0.0376725182850165 -0.02705701440294265
129 1290 0.07678685628851499 0 2.6688052101969926 0.9344285559138098 0.8797615728292945 0.7796984667166779 0.6306520968649122 0.3966471794114661 0.12692072727787332 0.03162525501365219 -0.04644725440239738
130 1300 0.06888753119828558 0 2.6186411307927724 0.9418110502196604 0.8973343965689118 0.7776408559388761 0.6330405754842615 0.384373102967705 0.16019971259424284 0.014192274642269355 -0.0375117950633998
131 1310 0.06521959213669305 0 2.3118867408779 0.9539206834567945 0.9087307750336715 0.8183921358784407 0.6639001635235378 0.40829875604593596 0.1652190671818074 0.02096748220616276 -0.01725862248657901
132 1320 0.06359096467880795 0 2.422104689946921 0.9561975670695125 0.8959602320428391 0.8345047841517447 0.69442355266959 0.46423985183164296 0.1784570437237149 0.010972621711601257 -0.0013991290101625017
133 1330 0.06650967671813035 0 2.316736965752704 0.9568753629863854 0.8922252720736045 0.8219918361369354 0.6805417036677639 0.43827074880250944 0.19495410625144705 0.035242625196666814 -0.028326270765541638
134 1340 0.06089332487697214 0 2.417523256081785 0.961474760778715 0.9075713725379231 0.8357858878426042 0.697228113095871 0.44184938095737886 0.1755211249125219 0.01984356095239727 -0.021213722777588682
135 1350 0.05442290808823494 0 2.2407421678965544 0.944576230506041 0.9142256918153574 0.8273973521596749 0.6948313861574483 0.45693815571586865 0.20721333311004514 0.020397790450698502 -0.01970386262680881
136 1360 0.05153769343652108 0 2.219165983704078 0.9556635189133414 0.9094226943335576 0.8339618920579716 0.7027553633399541 0.4598253647346374 0.19032040846071416 0.041003066954211305 -0.021060805502504287
137 1370 0.05381945518445654 0 2.1141546863672516 0.9617806227178933 0.9018339832420328 0.8363184742297466 0.7047632427903093 0.4883097921371524 0.2284252818935703 0.03297465012769333 -0.01715706832476491
138 1380 0.05685585351491424 0 2.0024706487397546 0.9462177961432084 0.9100469980055513 0.8400626446357519 0.6925230546980725 0.48004859683788903 0.22589191950650958 0.041477805790361685 -0.011933920431946049
139 1390 0.06161802932942638 0 1.975103070384876 0.9616700343118003 0.9367977828905337 0.8759130102065578 0.7383660822144028 0.5401184643601554 0.26084119394123395 0.052964011501704274 -0.00835170263422132
140 1400 0.06039282084057819 0 1.9841559238119735 0.9440812808017434 0.9144419945526135 0.8415036558090562 0.7004418354604922 0.4802035862392954 0.23565680600236863 0.0506992656538545 -0.013305448487287923
141 1410 0.05869704646782483 0 1.8648147577923728 0.9587609441637679 0.9283233930389446 0.8606204131578781 0.729988198807058 0.5093768700737882 0.2573746012467278 0.056963196076249084 0.003284947499099848
142 1420 0.05915573625376829 0 1.8356389067177978 0.9689250352949771 0.9412507559662437 0.894670174895394 0.7610520552844078 0.5695811133046961 0.30437191018926113 0.08086968514133601 -0.00844851825073292
143 1430 0.0637883041472208 0 1.835668386597948 0.9526366896443019 0.9378580232723481 0.8671631617843615 0.736900989046823 0.5356880168703195 0.29608271537281766 0.07723151550811895 -0.009953626547430327
144 1440 0.06528636158192683 0 1.788585108285981 0.9493249801553996 0.9215676411508642 0.8507548422158216 0.7454260496594928 0.559224686767266 0.2967257448227615 0.08376743733012446 -0.014716922495575678
145 1450 0.06401636256834396 0 1.7047746405408746 0.9540768963855161 0.922136039226303 0.8726031704466286 0.7496753460685878 0.5624478867242565 0.30758819974151047 0.08333532479059194 -0.0023442422773895712
146 1460 0.06254924917045278 0 1.6397265215559038 0.9641406945753197 0.9326522434247713 0.8787154963106009 0.7637833274112391 0.587562739331467 0.319203024571377 0.08977257425014123 0.004463212165833372
147 1470 0.06584549634375855 0 1.5950703585379276 0.9671984459968229 0.9332418156313844 0.8789876209646643 0.7582169871967898 0.5786749753054841 0.3205405770166086 0.0943055186688042 0.007540380283391331
148 1480 0.07034939413345528 0 1.5485997836567607 0.9666606045306793 0.9380729125161732 0.8748044475479257 0.7661476602885869 0.5708231736817688 0.32777366464568913 0.1078877198579303 0.001265961145323096
149 1490 0.07683010748184944 0 1.5516385005520608 0.9832077664510601 0.9564027261616992 0.8875534515506939 0.7868513175771524 0.5989701209490427 0.35197637546713845 0.13990310381809126 0.007112831087005964
150 1500 0.0721569328285998 0 1.5888288818542529 0.9644238906761172 0.934047260874086 0.8715811192871956 0.7737087975849748 0.5980283805795755 0.3313339821602033 0.13147600374478413 0.0051119065102448865
151 1510 0.06815769610621648 0 1.4423218075850728 0.9617880938929729 0.9535949031045268 0.9017416210143467 0.8104628205096741 0.6477480918319037 0.39082676893330065 0.15633170885399478 0.016761819840198873
152 1520 0.0604281127199561 0 1.5179407667582854 0.9670569405194185 0.93276215717159 0.8853665612758761 0.7810256127709642 0.5914565824212918 0.3432928954066715 0.12033337617468153 0.026772987374258005
153 1530 0.059416936489938996 0 1.4350511062416227 0.9738542453144295 0.9443729412799305 0.8937007467925818 0.8055254139062766 0.632690721026217 0.37521692561596076 0.1337751012855513 0.02558778502785024
154 1540 0.059956121227695405 0 1.4513352026159136 0.9862904125282441 0.9593795484733579 0.9031305873804486 0.8232713810156956 0.6601919017712613 0.39882204569199425 0.15829807263979437 0.02933235451646644
155 1550 0.05633845415205223 0 1.3550733116666023 0.9768088512384295 0.9542383656578722 0.9044065373136243 0.8007151562567242 0.6303762651336998 0.399179256790778 0.147778104966111 0.03629232633057298
156 1560 0.056336052407367554 0 1.313314268747505 0.9660036036694422 0.9475798653582634 0.8958585536931084 0.79892784392147 0.6297556156191796 0.3894548049533295 0.1625549178663217 0.02797768975514534
157 1570 0.05599756205163675 0 1.325085514271747 0.9694967752387782 0.9405413252077909 0.8898095951540728 0.8141253836326566 0.642188984734612 0.4054146562473539 0.17499942211882116 0.028880526132223812
158 1580 0.06551491323828035 0 1.1702220100833198 0.9676947968393039 0.9588824774783142 0.9137127895661505 0.8433553078293927 0.6942794099695021 0.4620164392811791 0.2236188238409514 0.04010242125293151
159 1590 0.07167208166055078 0 1.19602389312009 0.9698317899769012 0.9433836793659435 0.9040605061310155 0.834302791474219 0.6840941096302628 0.44918570753799436 0.20890833754445648 0.028806884766392014
160 1600 0.07674069743199788 0 1.334518808360523 0.9918899262164015 0.9646227753741841 0.9341642904345695 0.8482142808596705 0.6846410292589771 0.4541157509267161 0.2039780679883739 0.05991213793315513
161 1610 0.07489345801394513 0 1.0495013943294604 0.9775717004011176 0.9473880447316143 0.9035124974023051 0.8325584091100147 0.6888648244245008 0.48332939730316976 0.2295991772205846 0.05882291582160363
162 1620 0.075817880882687 0 1.2095755597407392 0.995589988444218 0.9750701403843881 0.9422464225853103 0.864307923125514 0.7209624062867392 0.48820816417731006 0.23413649899611577 0.0495065720476345
163 1630 0.07100627892362088 0 1.0712061570009044 0.981635980529552 0.9653155147170072 0.9410891648931361 0.859983290272672 0.7238237471491198 0.5123200219249823 0.24180425940341085 0.05408173671505608
164 1640 0.07049470670152648 0 0.9340794027477597 0.9791454168305235 0.9556645024301266 0.9337581037592003 0.8615321481198723 0.7365800263257847 0.5441472934715431 0.2753204363896517 0.08326818708662843
165 1650 0.07399944270959938 0 0.9794436501548789 0.985400655206754 0.9591430086341519 0.9288179556423101 0.8667952789399735 0.721606859646817 0.5180748217976464 0.2780621958977985 0.07310181869558764
166 1660 0.0752896119584579 0 0.9640700812119362 0.983910239777005 0.9566028301073136 0.9205852641601171 0.8586630533116434 0.7155830090786832 0.5328911475799546 0.2813791152820005 0.077766559443495
167 1670 0.07597112968453716 0 0.9508806082559657 0.9866796976607531 0.9585402059555623 0.9240945493758449 0.8499333078173771 0.7408786686044208 0.573036675265651 0.3027450737686524 0.09250445235084322
168 1680 0.0732860467265199 0 0.8918052157784846 0.9834537538980078 0.9618547065337142 0.9193980298698372 0.841989914453068 0.7187642600234251 0.533454135777419 0.28527392503518895 0.08896308339151858
169 1690 0.0720179883010476 0 0.8200283622725367 0.9815456743647104 0.9587375161691548 0.928923785594743 0.8657194784345978 0.7567391690966752 0.5798229816714473 0.31547445787562584 0.11525588611256005
170 1700 0.06674961345894641 0 0.7934777613027912 0.9744122529984024 0.9654648376739511 0.9401620905076442 0.8838718562387629 0.7715913705916025 0.6016622096167765 0.3354739035135279 0.10448757170060488
171 1710 0.06321152396743704 0 0.7519845537110779 0.9838428388256849 0.9771820766772364 0.9452224342666463 0.8952630466918441 0.7886886815862784 0.619268578474505 0.35581962502667897 0.11221671400030787
172 1720 0.06528583025446069 0 0.7967581201337646 0.9847566980569956 0.9653614622358256 0.9290906738512297 0.8845622591645974 0.7585152567553034 0.5820729641639525 0.34572197779835795 0.12268885309318156
173 1730 0.06065262048875426 0 0.7440896612485375 0.9841460078880366 0.9657372442070389 0.9321898368227605 0.8813754450511317 0.7657865996351739 0.5994010412908142 0.34819887554050244 0.1374740782360948
174 1740 0.06137575160705135 0 0.7177243987091848 0.998517109426833 0.9816367560216956 0.9455554129025953 0.8943067021230182 0.7831329129408646 0.603381927102986 0.36369779006393377 0.13109390113556485
175 1750 0.05939185010960398 0 0.7025686214210811 0.9947057971469575 0.9823939187251437 0.9567951942127458 0.9083649473377138 0.797400697040671 0.6208762705107252 0.38079113589199987 0.13766408895242183
176 1760 0.05413544238539504 0 0.7472490670258396 0.994206713014386 0.9714819778470346 0.9509248823331521 0.914799535321916 0.8225404231811354 0.660350493822075 0.39905987608286964 0.15889653705670068
177 1770 0.05109206554372789 0 0.6379194610658683 0.9914953946826552 0.9802591290886891 0.9501585629262155 0.9082128169163047 0.8070015704841793 0.6392367919111203 0.3935664381142522 0.14643721996738046
178 1780 0.05386696270413767 0 0.6828619908628821 0.9983928941049832 0.9856621687440155 0.9656988189467673 0.9173312900955409 0.8235502985205342 0.6590499411751398 0.42584036375078455 0.15264540848041153
179 1790 0.05632109898303558 0 0.5945429050261066 0.9916616656514723 0.978405890195703 0.9560887532985104 0.8999233631999026 0.8170498502001905 0.6639569399552082 0.42274066289520157 0.15859234227508817
180 1800 0.060132451246779225 0 0.5393596896513808 0.9920467196564484 0.9740637325069561 0.9559566818884118 0.9024359319543068 0.8218123876754895 0.6681993258655468 0.4321675654571362 0.1809611200876835
181 1810 0.0582629151212543 0 0.5770396551097399 0.9880167669192993 0.9770512618470546 0.947485684710656 0.8987398815316966 0.8023839091054901 0.6383652851452652 0.39855348685941716 0.14759876945888897
182 1820 0.052331418648394655 0 0.6132710657409406 0.9957363931180951 0.9775326114725955 0.9484172388445401 0.8879476137728345 0.8018588107440813 0.6565418025724201 0.4201397683396352 0.16315229971955963
183 1830 0.04901145707596718 0 0.6297723871545337 0.9864769533798304 0.9758825456536866 0.9461282105750618 0.8856307680514417 0.8053938119321147 0.6536327556137451 0.4067007399182557 0.1631256920313587
184 1840 0.04553229664721674 0 0.5962624693283105 0.988748359262109 0.9739139435954394 0.9469984276295027 0.8931729279895447 0.817817392578813 0.6696336653276774 0.42449866332426744 0.17165466305200322
185 1850 0.041764184554580516 0 0.5732555510709686 0.9934264421125752 0.9797247333304251 0.9563098210357054 0.904112452220915 0.8343261079805332 0.6952432565127757 0.45541178706854524 0.19299198259751252
186 1860 0.04286616525129285 0 0.48699958699295975 0.9915679983384731 0.9771617307564666 0.9518884352131556 0.9018878807235001 0.8149145748360638 0.6632624526769514 0.4393270779090117 0.1853689767219101
187 1870 0.04891089688485296 0 0.4815915396159606 0.9973625695937042 0.9843204070844453 0.9629769227546889 0.9146096468338906 0.8278002345812839 0.6912982401361195 0.47365891186302006 0.20787316172513015
188 1880 0.05399221364783865 0 0.4919255009897425 0.9878554360225693 0.9752581607145112 0.9592067449839048 0.9148723649282935 0.8369943185452958 0.6862282627799208 0.46520159481275164 0.19687928102152416
189 1890 0.06263792052425457 0 0.43461012420630224 0.9895686314515926 0.9734763838787001 0.9604053641317017 0.9205997274324758 0.838270231184724 0.7022128601242227 0.4819208769498514 0.2280841537660547
190 1900 0.06697517996682407 0 0.4790941001904184 0.9952484892612766 0.9779351996987276 0.970647064872415 0.9276576249603163 0.8557014865195559 0.7382695269197547 0.5174605905281242 0.25729236674587735
191 1910 0.06176566342712592 0 0.4408482144314355 0.9928429625878901 0.9795150629193352 0.9528121923005756 0.9119681422046589 0.8273867286811939 0.6862775867137654 0.47319976426727517 0.2129367086406668
192 1920 0.05908618935464375 0 0.4554821059196239 0.985573147638278 0.9684458592092523 0.9589652830938931 0.9149976879826656 0.8383712735903237 0.6946517102406565 0.49005360995680647 0.23238546973691568
193 1930 0.055387974972000174 0 0.5104367696243419 0.991059975537886 0.9750486757829459 0.9471584150006283 0.8939325536783996 0.8141427938681888 0.665202877750812 0.45641142473134905 0.20225604528258526
194 1940 0.0554714833729822 0 0.4446347584745398 0.986195521653466 0.9715854894136068 0.9552384693112966 0.9171578911550501 0.8514699074703033 0.7104313802284962 0.49866060333079665 0.23220922032009014
195 1950 0.055812028016201304 0 0.4315813681448827 0.9815324078869916 0.9682978772145966 0.955975429434271 0.9125877379419727 0.8366719854323501 0.7025087992194421 0.48763546547388437 0.23451825864988396
196 1960 0.050657193048646194 0 0.46901495687923705 0.9872458611244042 0.9726174421129323 0.9601369912408654 0.9151796512940785 0.8295723142929958 0.6867445922551586 0.46146861906042497 0.2111169034313956
197 1970 0.04714247193188256 0 0.41920279685962847 0.9826625895989476 0.9700277049479928 0.9585400901225924 0.9146314556467015 0.8419201483872779 0.7051532703957066 0.49666005046445766 0.2397060882368835
198 1980 0.04445237612265694 0 0.4035640778863542 0.986387686057676 0.97357813211153 0.9610283602371085 0.9171239361110882 0.8486005606126189 0.7200243408032624 0.5042970922267843 0.2532312774327184
199 1990 0.045331014717655514 0 0.38677007965843013 0.9963411142813288 0.9831540128939624 0.970001359051942 0.9269699742918761 0.8616123484103577 0.7364871855123268 0.5323225113906053 0.2663228080642032
200 2000 0.04163986561418637 0 0.3999904587306034 0.9892863295836615 0.9793617247676188 0.9645337262539215 0.9286213216259753 0.8607434151066666 0.7369291515990222 0.522864679474667 0.2557842813012671
201 2010 0.03720200077587378 0 0.36659357653857194 0.9855609482994447 0.9742025118904736 0.961322092373654 0.9198627292542191 0.8476286115777074 0.7207621422649572 0.5172189426147973 0.26072842173311633
202 2020 0.03716434443885964 0 0.38439529510610415 0.9907735831255617 0.9759727700273654 0.9589558511196966 0.9160760051858873 0.8395209345106317 0.7213469696696772 0.5188702217772898 0.26296934924624416
203 2030 0.03574705097019089 0 0.37048833102714934 0.9932958196027888 0.9782351562749728 0.9662293151006177 0.9283776981087917 0.8551325169367425 0.725201468064635 0.522298871003405 0.2622773360655506
204 2040 0.0348048461049665 0 0.34837824441882537 0.988872813351126 0.9751432707205805 0.9615038195038185 0.9257461828488857 0.8572971782340786 0.7360681716523677 0.5357130738993509 0.2731731427265237
205 2050 0.03660892860670001 0 0.32901289854024807 0.9896023879015533 0.9778388456845836 0.9656280774833379 0.9342025788843382 0.865169872484422 0.7430041089239015 0.5456608681557109 0.28778383490027626
206 2060 0.03611526733120202 0 0.3391620823910084 0.9909556130310548 0.9786288570429592 0.965904743527159 0.9299080852361796 0.8615816540564357 0.7498168246244351 0.5472539259878142 0.2905321019954161
207 2070 0.041246266063645745 0 0.31504239435799186 0.9890259720444635 0.9808853424382029 0.9697100576965328 0.9352381900640787 0.8690091101436743 0.7604178784697807 0.5621161592597607 0.31135201834876564
208 2080 0.0429994542242098 0 0.31093357688803847 0.9883920249013225 0.9832888519088453 0.9725013330105016 0.937406399883748 0.8738054443778804 0.7632276040650966 0.5671997970526362 0.3136980872806467
209 2090 0.04291475224902153 0 0.2926626401239512 0.9911542022653582 0.9792257377968181 0.9727748054722587 0.9406034097405584 0.8760512777446864 0.7675823738568369 0.5798599261711203 0.33152611160707307
210 2100 0.04999211746790882 0 0.295481278652842 0.9968409067688077 0.9858576127478639 0.9712085551034668 0.9399680283853706 0.8889666587508465 0.794905082629364 0.6184440388383946 0.35788408554789075
211 2110 0.05290943414143132 0 0.27550709329871104 0.9958958086932312 0.9848933969781024 0.9664596287253192 0.9373045149145515 0.8782527200693683 0.7798038137851467 0.596749171768119 0.34302729828953044
212 2120 0.05253261418767839 0 0.2720221013481577 0.9893233749170934 0.9828731653722015 0.978084908647073 0.9465681997090437 0.8900674051355061 0.7952917624571999 0.6220011887859321 0.36968400635552895
213 2130 0.055492725150404904 0 0.275650009584072 0.9900923862701532 0.9789553663466756 0.976543886241637 0.9510161265099248 0.8988644899607299 0.8009531621576672 0.6221412821926608 0.3870652459383472
214 2140 0.05755989350087216 0 0.2365727695505353 0.9973677490698906 0.9851305031074966 0.9756212419409588 0.9474476887451244 0.8996169957940517 0.8104530140543784 0.6439072667136541 0.3975430350232714
215 2150 0.059279566119446896 0 0.22493799257428498 0.9914537503460643 0.9807042837340842 0.9714434285015172 0.950889201291594 0.9040325421707401 0.8207415526046301 0.6553895723066349 0.41871015694998126
216 2160 0.06321120474480385 0 0.23375927894192516 0.9892986439584048 0.9788650375069722 0.9707506082096427 0.9461495945434307 0.902041674472061 0.8407013272580857 0.6985776899579565 0.48360985475971685
217 2170 0.06050499787378888 0 0.205964486061084 0.9895609351698186 0.9802137630564498 0.9707980138576422 0.9471545501298936 0.9052894520944526 0.8173342773652608 0.6581570911169502 0.4215932670893822
218 2180 0.06472398583586797 0 0.18052127478668997 0.9925255855384032 0.9863459642832139 0.976387049086809 0.9442422914462936 0.8991612439998551 0.8181971141899077 0.6707334900706695 0.4494914069244013
219 2190 0.061804162629967005 0 0.2024378680516276 0.9978094073451683 0.9876382584789518 0.976689931686635 0.9479698734504244 0.9032156585112823 0.8218934722095732 0.6605419611546928 0.4296628285488874
220 2200 0.06011569752910992 0 0.18601807118491095 0.996649784954245 0.9858428140459207 0.9679776653439244 0.950294237512939 0.9021223766691556 0.8245174053197927 0.6775857430652619 0.4557585913773539
221 2210 0.05894574559847888 0 0.16532428601540788 0.9958437046985669 0.9916233098307451 0.9788948628458225 0.9616218488974052 0.911959088487572 0.8383762488847718 0.6932045488758258 0.47595668638016375
222 2220 0.05611630958033912 0 0.17989856622981476 0.9938224997863158 0.9866616687839689 0.9788079933394706 0.9597428973339167 0.9162504077015504 0.834098786845766 0.6844841658344277 0.45355003343874556
223 2230 0.054247986971844006 0 0.1657728219006741 0.9893466195846489 0.9863032258503686 0.9772581983407271 0.9558847775112045 0.912039033262908 0.8301751994947846 0.6941088480982727 0.46688487888243296
224 2240 0.052730788197874606 0 0.13503209010100992 0.9973683351230725 0.9912661126878255 0.985462297165029 0.969695920756573 0.9313600574339015 0.8648422501597702 0.748187037093347 0.5406755010715953
225 2250 0.05071084389089796 0 0.15260975636571433 0.9950426047681312 0.9845696646253792 0.9767224797364518 0.9561145458698547 0.9248729133830467 0.8470164438062631 0.7203096090187457 0.5068611637174593
226 2260 0.04543281344223265 0 0.1637485956557563 0.9976492181620861 0.9895797157674694 0.9780625166263316 0.9663552637145351 0.9299548548309339 0.8571272179543752 0.7270986674419788 0.5096594066169329
227 2270 0.043863051424436535 0 0.12896012056186656 0.9918306854344312 0.9865112422900435 0.9761303577669496 0.9593193894072694 0.9156001527954754 0.8436274704343233 0.7143950440932458 0.5061636151104589
228 2280 0.040009220750760806 0 0.1336225117687675 0.9969449438652034 0.9875597061725812 0.9763997749407559 0.9546007665984608 0.9159536338540383 0.8374312312607346 0.6995798500023105 0.49021660828795044
229 2290 0.03570850994144893 0 0.11707727484426572 0.9961379304337464 0.9898610039426001 0.9776871125449891 0.9598735801565101 0.9197390604213629 0.8484635156559103 0.7221185356613219 0.5149941767552468
230 2300 0.034716133591395214 0 0.12885618030388205 0.9924362172171697 0.9892022779858285 0.9832695673123084 0.9616320304347042 0.9215041662920602 0.8450157477844263 0.7104112162941002 0.5001889392497195
231 2310 0.03353582368857198 0 0.1252617097041902 0.9926687611083505 0.9890812720202802 0.9808528521224862 0.9569639795099082 0.9246602520262132 0.8507199069597728 0.7194408582261362 0.5172185311181894
232 2320 0.03400158223022177 0 0.11399493209642803 0.9930152150538808 0.9893798357989334 0.9816414717486092 0.9598033996727762 0.9255883009471055 0.8519693498402716 0.72393319768053 0.5260280596677122
233 2330 0.03573436746582196 0 0.11404501213400473 0.9945330303971501 0.9918471887497233 0.9826814801218968 0.9664551160206258 0.9375746745155878 0.874523920622874 0.7510182446484948 0.5552622391101528
234 2340 0.03877413609317598 0 0.10650846338778436 0.9916437395620258 0.9879167754782038 0.9791071799581761 0.9589004123112372 0.9249252327362117 0.8601067228021866 0.7366473718787168 0.5448183535980823
235 2350 0.04165265384544653 0 0.09720370948695697 0.9915197634421125 0.9899844208785097 0.9805265523425393 0.9658409719480984 0.931655739252555 0.8725235206478306 0.76472280188835 0.5752392472473297
236 2360 0.045272355292135795 0 0.09266798002339892 0.9970322280502654 0.9943359107676213 0.9902815899142983 0.9732083562527367 0.9389203086310304 0.8753703635772395 0.7671583200928992 0.584218530387028
237 2370 0.04625281728277339 0 0.08583738046330451 0.9956505343326766 0.9911404925701929 0.9871244194805441 0.9689396479801735 0.9392950106602235 0.879128967473974 0.7673023301159286 0.58347311890035
238 2380 0.045281028483660106 0 0.07942261305635379 0.9938387007783055 0.9940775177060696 0.9886678324624336 0.9727083559583262 0.9505144616172579 0.8967625985008009 0.8025668229050743 0.6325410760900528
239 2390 0.04481005696570606 0 0.08257404377493903 0.9897726466112431 0.9884420910279903 0.9834484328705926 0.9686849288126386 0.9414617913499312 0.8857759951161209 0.7814950836854287 0.6054396143078695
240 2400 0.04783544500416982 0 0.06890034295743944 0.9981215240223653 0.9962767149589213 0.9898186632161089 0.9773769570856763 0.9484113047658417 0.8925978071767211 0.7986777358099453 0.6329805600518028
241 2410 0.04613108401286792 0 0.06599518690636505 0.996147779756809 0.9939568322132722 0.985102938468259 0.9679612890429596 0.9433118295128091 0.8910533803034547 0.7950172125073641 0.628052787048257
242 2420 0.04320790105678127 0 0.06881977374693334 0.9951631873602945 0.9914371517937524 0.9869788151715402 0.9715803507498848 0.9496912797602515 0.8943935462884662 0.7964294943645681 0.6334822750652112
243 2430 0.040124744458918234 0 0.05367879260619041 0.994302146407119 0.9925984734653723 0.9879561452386257 0.9746017878803137 0.9512397740602634 0.9003681610852305 0.8137064502449707 0.6609167376828705
244 2440 0.03751113661442908 0 0.0596364232770353 0.9974465181897121 0.9949383680664714 0.9898104387701352 0.9761577961317169 0.9568911703456039 0.9069335278996123 0.8239400989645158 0.6706581609513249
245 2450 0.031875349353343026 0 0.05893243905298176 0.9956814206059821 0.9932898751089995 0.9887316577575579 0.9739804602005079 0.9525769085083992 0.900985497595345 0.8145509859077601 0.6579533902423922
246 2460 0.030961744219490633 0 0.056177592203120345 0.9972313995178377 0.9923855367672754 0.9867942314337584 0.9734704820028353 0.9492729839581276 0.8965772410992253 0.8069654646670003 0.6535896958412092
247 2470 0.03258988180841595 0 0.04307846325184768 0.9986919190939257 0.9950685925785092 0.9877976797918782 0.9754155724528182 0.9534664239235197 0.9091534067751732 0.8272087278310661 0.6864250786117865
248 2480 0.039181229474938545 0 0.038086326965784845 0.9977878002839905 0.9942869167168739 0.9891389548751196 0.9779631704678023 0.957331315796888 0.9205001211319577 0.848768241697562 0.7138415131456536
249 2490 0.042203671166017594 0 0.042130016984886234 0.9968102118821349 0.9932848178409321 0.9879744837288794 0.978131305599865 0.9549416510127496 0.9198190131640136 0.8455824559452947 0.7106063110952662
250 2500 0.04479052251892212 0 0.0301979371080704 0.9966769307892968 0.9962759094160838 0.9915133466549434 0.9871357134817267 0.9692737519577302 0.9374672598887841 0.8851647559489614 0.7787876575949139
251 2510 0.0465722848398122 0 0.03370315655258829 0.9978548701300405 0.996492467713927 0.9894233819523303 0.9798570500098254 0.9641471279338983 0.9281299938013784 0.8652161461753046 0.7548147640667888
252 2520 0.0451200739427896 0 0.029029306008379392 0.998328857993851 0.9950019668414318 0.9890231959381889 0.9807000476077751 0.9648166837538399 0.9281986189811597 0.8650257402092557 0.7488363225467126
253 2530 0.05105261546164083 0 0.025340461022859508 0.998439631623747 0.9961406651937542 0.988551397102454 0.9823555178990666 0.9733843539155929 0.9488499119523197 0.8999968345886634 0.8116795640766329
254 2540 0.04594168531775235 0 0.025077210652088004 1.000389347654602 0.9966410123758725 0.9920800919308427 0.9829076434091641 0.9663778385624513 0.9334346384468676 0.8708325240280227 0.7563913537782585
255 2550 0.04110796875227311 0 0.024288335973532364 0.9995165300682574 0.9967121452539707 0.9905098529414897 0.9835908951274563 0.9694058456834763 0.9360843604748021 0.8774153643236149 0.7699395907811802
256 2560 0.03788836018109872 0 0.02396667722952507 0.9995647792129431 0.9977887765665692 0.9923458878534721 0.9824074923257776 0.970701529105466 0.9440720646928241 0.8898581227516364 0.7873069965564058
257 2570 0.03525738563945196 0 0.01877329288432586 0.9978981200547461 0.9974043777271248 0.9938909207257478 0.9882787417949574 0.9774294671825559 0.9483696138759664 0.9005535930194549 0.8118614278966603
258 2580 0.033348271041612615 0 0.01842228224288429 0.9994919585386379 0.9979870773289916 0.9947826875796698 0.9885471263930727 0.9744324728604817 0.9474017768172794 0.8964905834350058 0.8086236063872889
259 2590 0.03164783712311052 0 0.016207501898282656 1.001091242009427 1.0002879488789942 0.995002877625705 0.9893670530781413 0.9777563167723542 0.9543121639141681 0.9132108867515033 0.8377135685911181
260 2600 0.03234556660140802 0 0.012810215522458774 1.000187280063377 1.0000174625455212 0.9945322831017621 0.993428177348964 0.9837773463516022 0.9656620111953979 0.9318477368773468 0.8667629084814668
261 2610 0.032990735131151624 0 0.012937657794376781 0.9972693647214173 0.9965286712951711 0.995277587119856 0.9939779414258537 0.9881827350862363 0.9708031549008346 0.9402542837126856 0.879058026229686
262 2620 0.03536866848858823 0 0.010247024851902438 0.9985660788209535 0.9971736763147625 0.9935076096591501 0.991118911923165 0.9827149800763089 0.9685171473594743 0.9337394564021638 0.8727834082088087
263 2630 0.03643014861270977 0 0.007202105552913214 0.9993834967748312 0.9989273072797551 0.9946755708084656 0.9941205886074149 0.9878123284958303 0.9752711144914993 0.9504383961107156 0.9057031011877039
264 2640 0.032981750117244 0 0.008491001106127136 0.9990449335945712 0.9993339617048848 0.997892796622522 0.9954015869501153 0.9889583137258455 0.9730431030922227 0.9432604961329316 0.888961142483261
265 2650 0.03205180259540465 0 0.007622278009105209 0.9974655350664761 0.9976777142229445 0.9959453687526845 0.9953337100552991 0.9895396577717825 0.9753197871580535 0.950753583901444 0.9010761355204958
266 2660 0.030481325930746227 0 0.006009671177582216 1.0001047462554382 0.9974742578615309 0.996705911325024 0.9953089356817196 0.9882797875311939 0.976611807363169 0.9519237896601945 0.9035794372956052
267 2670 0.02742244949484061 0 0.004345021803345104 0.9989440802644258 0.9976067486321544 0.9964165722619538 0.9936255590799161 0.9868213329710115 0.9734837363454518 0.9463284493099183 0.8945283993980334
268 2680 0.026472141091490587 0 0.004386234943529367 0.9992340321062381 0.9975643994846378 0.9968270936537773 0.9957914166420889 0.9889520641618943 0.9770872554546993 0.9558074800515333 0.9140024948325899
269 2690 0.02391628739210623 0 0.004261253374567555 0.9992380317992597 0.9999186098977058 0.9984007136479718 0.9976020501896172 0.9931432597887796 0.9869356154960072 0.9716727263692286 0.9399890122984442
270 2700 0.023535340000303284 0 0.003664188414682341 0.9990210712165646 0.9989092244310505 0.9983905464548637 0.996237235287255 0.9896690774910603 0.9799953861943467 0.9585956043640812 0.9177267095549028
271 2710 0.024740463136057832 0 0.003414885085790276 0.9997366738549867 1.00012128830503 0.9998279624659618 0.9977052130283871 0.99452227713255 0.9851293521248502 0.9693452996142118 0.9400037378862373
272 2720 0.02562689955648567 0 0.0024559069663013583 0.9984233536803602 0.9998258759436973 0.9998536509572907 0.9981300021643207 0.9952519000971651 0.9908935029252124 0.9835615626364569 0.9650840850133197
273 2730 0.024968349969492966 0 0.0025667163931073394 0.998610449298856 0.9992264900051563 0.9995414249782274 0.9973523398468811 0.9925404329223971 0.9847533431977415 0.9700572790179706 0.9417641883093748
274 2740 0.023783776028883236 0 0.0031486734263263903 1.0011183762673892 1.0020470675541957 1.0005128585835201 1.000025335794721 0.9964792696844833 0.9941037896588811 0.9871666733920863 0.9740263737650766
275 2750 0.021956948152613964 0 0.001202137875653656 1.0002145112019547 1.0004646566603714 0.9991943436746054 0.99869658536418 0.9958539781911095 0.990925146649683 0.9820454518558835 0.9631316339739493
276 2760 0.019853032287304676 0 0.0017687994441237791 0.9991385218086537 0.9983866633285242 0.9985626362653112 0.9978035996828025 0.9939574735502835 0.9883489031181606 0.978461273700133 0.9588068166058841
277 2770 0.01986494865305335 0 0.0018877207112891266 0.998141557979414 0.99885063493859 0.9999072210686304 0.9981137580362165 0.9960814726920579 0.9935379803120007 0.9875276798976069 0.9746625379466225
278 2780 0.02051037427114085 0 0.001058166038869671 0.9997275219797497 1.0001725888780881 0.9999174238238563 1.0018677540629202 1.0024797327845798 1.0039093793970755 1.0071747723841895 1.0130408341370265
279 2790 0.021598729439023454 0 0.0014232338792805623 0.9992397409126835 0.9984964735987661 0.9994968220489175 1.0006628763434846 1.0000883639585014 0.9994264863743786 0.9984505692719746 0.9952098651607869
280 2800 0.020430894962905333 0 0.0009171717964511382 0.999761172471337 1.000094501275337 1.0005587051813956 1.0018742482538487 1.0013627967627263 1.0028866613411993 1.0058207878968242 1.0102896094358074
281 2810 0.019815835603473827 0 0.0006444450456746677 0.9996268416771529 0.9994175299418735 1.0001569065614513 1.0002578803159126 1.0003323239556738 0.9990922279765855 0.9993743088707638 0.9996027458839083
282 2820 0.01939844684853697 0 0.0009239430870711722 0.9989054065402336 0.9995470679920635 1.0001687929369447 0.9995729036898731 0.9996345629216863 1.0004968966460452 1.0023469459244658 1.0037836483976232
283 2830 0.016400350682613658 0 0.0006930361881886534 0.9993846142438019 0.9997964659890086 1.0006026732544422 1.0014447059262332 1.0020133842771364 1.0023098100996406 1.0037411056263241 1.0073458815455258
284 2840 0.015715404471732402 0 0.0009460431469750431 0.9998222058237983 1.0005452991343724 1.000158929395326 1.0007246965570036 1.0015088694966237 1.0021630158031982 1.006047173791754 1.013998168192753
285 2850 0.01402599845661596 0 0.0006393582580806704 1.0002141963782731 0.9999863273160706 1.0006856567054732 1.0001392145281003 1.000566069355915 0.9997094722165236 0.9988029489222561 0.9963190696991749
286 2860 0.012836891978426886 0 0.00020774212563781885 0.9998394112349961 0.9999676851922267 1.0002021106474541 1.0003706487205253 0.9995855720648076 0.9986602680346275 0.997111375625867 0.9946492647403493
287 2870 0.011201823168489044 0 0.0003711454669829895 0.9994209658709666 0.999643652276731 1.000342840990816 0.9998669278863602 0.9991374137129919 0.9984202877372723 0.9975167524192674 0.9956348242407996
288 2880 0.010786359909973103 0 0.00023595426579142888 1.000009549622632 1.0005679579318052 1.0004604210193198 0.9999833289308915 0.9998554091999239 0.99988436287347 1.000466402246674 1.0013633141830443
289 2890 0.009869087094439104 0 0.0002091711756093937 1.0000132792251688 0.9999347471336757 0.99970922493305 0.9995153313137863 0.9984558716425702 0.9973778781459155 0.9958004358526805 0.9920100023228591
290 2900 0.009302967279202164 0 0.00011301093814391789 0.999899886463084 0.999834749912758 0.9996554523218917 0.9992237016108177 0.9988526289813338 0.9979282976542704 0.9964806493474436 0.9935538122454848
291 2910 0.008210190009358383 0 0.0001359930293364688 1.0002284712491232 1.0000494250100733 1.0002561806933834 1.0000269833216426 0.9998744428321561 0.9993083596122649 0.9989688189843776 0.9971859190664095
292 2920 0.007281170312771228 0 0.00012155627767025751 1.0001744968399693 0.9999280100144325 1.0003569536686632 0.9999678680475388 1.0000244516602752 0.9996505408130484 0.9994760637954576 0.9987854791739943
293 2930 0.0067378595533547645 0 0.00010187082021766424 1.000341953852449 0.9998601614986049 0.9999204859378049 0.9999891728290868 0.9998180482317035 0.9997518003067846 0.9996849146697312 0.9998200864584137
294 2940 0.006353492056736846 0 8.986808655332222e-05 1.0001099441841679 1.0000653975130263 1.0003361715200434 1.0004305232581996 1.0003818462239353 1.0009902304376739 1.0026177066772313 1.0051696831552888
295 2950 0.005697189417516869 0 6.221298439595689e-05 1.0001172281148463 1.000181543343337 1.0001103588298348 1.0002988983311212 1.0000994417277445 1.0003721831931252 1.0012433521076123 1.0024284158269263
296 2960 0.005066358920801301 0 3.0973092662068234e-05 1.0000441726314424 0.9999807163583632 1.0002313744542024 1.0001025234968124 1.0002031880396272 1.0001022408038855 1.0002343312063418 1.0004868787302843
297 2970 0.004130210320181548 0 4.531154455830231e-05 1.0002310389805127 1.000178152045689 1.0002847587960697 1.0002536962449948 1.0003776663588875 1.0005552305570424 1.0015335033252355 1.003109043835432
298 2980 0.003911611745507182 0 3.07029553443258e-05 1.000240463334448 1.0001063193672726 1.0001210738260373 1.00013965139228 1.0001083476500026 1.000294899742862 1.0003942531626195 1.0005230157303258
299 2990 0.0037866500256539975 0 4.099082501124843e-05 1.0001963833111005 1.0000684782764775 1.0001920501155304 0.9999700064921477 0.9999509708053402 0.9997175160037639 0.9994167267573868 0.9985326706248059
300 3000 0.0035342637966496136 0 2.4446976962561525e-05 1.0000214895875756 1.0000408291725447 1.0001850994435928 1.0000993620162915 1.0002640787748163 1.0004478666548238 1.0012574329654615 1.0025136785894107
301 3010 0.003295716775968735 0 1.22595682837037e-05 1.0000281877315933 0.9999801272275672 1.00002163626584 0.9998619982840464 0.9997845186284788 0.9993574274909464 0.9986782667726439 0.9972685286454293
302 3020 0.00307623628345656 0 1.0495056525374208e-05 0.9999573747091364 0.9999728616344247 1.0001515616349543 1.0001397583895637 1.0002236030950065 1.0002928502917445 1.0005967789007755 1.001200904709774
303 3030 0.002978525270662705 0 8.874715600766777e-06 1.0001285129006945 1.000093130788242 1.0001402351583457 1.0002120513437434 1.000365994477365 1.0006125593705977 1.0011360906349327 1.0021709543249033
304 3040 0.0028072920613008887 0 6.384708920903158e-06 0.9999562927557791 1.000038652243267 1.0000601427358227 1.0001403210671895 1.0001792959844231 1.0003213538921987 1.0007782383838495 1.0014592232916246
305 3050 0.002508675717088728 0 4.486870683785779e-06 0.9999829648177936 1.0000342867590615 1.0000909204034174 1.000133659162628 1.000103000965921 1.0002492953435902 1.0004824328551913 1.0008950917498052
306 3060 0.0022819886901157965 0 1.2422995092147963e-05 0.9999236185976389 1.0000344490993511 1.0001760141557883 1.0001279848098072 1.000193481399289 1.0002537841607304 1.0005399045100227 1.001061965674462
307 3070 0.0018941033307691662 0 1.5166104926341947e-06 1.0000343239363763 1.0000039900916375 1.0000394602539187 1.0000062735913893 1.0000358822118425 1.0000190927476236 1.0000737662985788 1.0001532615284883
308 3080 0.0016062320053601812 0 3.53072548781122e-06 1.0000503180904101 1.0000624534850653 1.0001020560860163 1.0001458441442765 1.000182037208567 1.0002679672335497 1.0004795799500337 1.0009176176913996
309 3090 0.0014111653554533502 0 4.644721806868787e-06 1.0000370914884147 1.0000716523738185 1.000125129792623 1.000148721318888 1.0002092525159911 1.0003596457786281 1.0006272375765781 1.001155169437757
310 3100 0.0012330635074318853 0 1.6484066847212857e-06 1.0000105355241922 1.0000395524656256 1.000072703413643 1.0001270434965162 1.000162172948392 1.000330304312497 1.0006728365751476 1.0013142076145203
311 3110 0.0012131588389007106 0 2.0485956250678946e-06 0.9999960390881756 1.0000542529447418 1.0000219921322913 1.0000711838925862 1.0001254666558441 1.0001796999719734 1.0003839926710887 1.0007878790662121
312 3120 0.0011263387075475815 0 1.3183116648091868e-06 0.9999882434440363 1.000019543463999 1.0000402817015683 1.0000794360658212 1.0001159479737851 1.0001763152504088 1.0002993327974694 1.0006448314936824
313 3130 0.0009658534087202564 0 1.281444018041856e-06 1.0000101565785875 1.0000281466852672 1.0000717572396578 1.0000928825198556 1.00013320665423 1.0002255267590578 1.0004187149779193 1.0008809449421934
314 3140 0.0008727977636961042 0 7.526203432406054e-07 1.000014467044041 1.0000397781370975 1.000033179026547 1.0000693227238822 1.000085764297275 1.0001509810207165 1.0002874113280422 1.0005501569695856
315 3150 0.0008098476629238155 0 5.474080625793806e-07 0.9999944028379891 0.9999951916800146 1.000023444747244 1.0000351292103853 1.000069681856955 1.0001527440252729 1.0002498971454157 1.0004976165167627
316 3160 0.0007900458227862774 0 5.169189016783472e-07 0.9999951362424798 0.9999856111736528 0.9999842292942656 0.9999989854444999 0.9999521632204595 0.9999319048687254 0.9998945340088573 0.999796736931176
317 3170 0.0006897904767048287 0 2.53015856258048e-07 0.9999962944652708 1.0000044593813142 1.0000266670219753 1.0000309792020623 1.000066345731461 1.0001199886847405 1.0002532449901613 1.0005258350552908
318 3180 0.0006713903516585209 0 3.5155853398132396e-07 1.0000141864719436 0.9999990573396671 1.0000047351699666 1.000028014812526 1.0000746357499262 1.0001543675121805 1.000301588423719 1.0006283936274947
319 3190 0.0006341565067078031 0 5.005420469857352e-07 1.0000067858826822 1.0000065995593692 0.9999979961337778 1.0000284142091664 1.0000178083929636 1.0000718186725013 1.0001371890188038 1.000297799825285
320 3200 0.0005392013477869716 0 2.8447271332063654e-07 1.000012067199004 1.0000138547003719 1.0000335226483779 1.0000589379256735 1.0000987657720637 1.0001853887173184 1.0003510984672022 1.0007061406528188
321 3210 0.0004971778615003889 0 3.817494686927301e-07 0.9999914290033074 1.0000086699101611 1.0000202911388572 1.0000512622624707 1.0000726791677228 1.0001499524514177 1.0002973930716474 1.0006251419025574
322 3220 0.0004511289859601669 0 2.993454410240277e-07 1.000009581793034 1.0000113226109766 1.0000293344793065 1.0000387519423741 1.0000597517671304 1.0001300360814942 1.0002707897528549 1.0005730544420732
323 3230 0.00043648558398325007 0 3.258530640947902e-07 1.0000094612653612 0.9999985392480889 1.0000198612799516 1.0000241503971523 1.0000564431588328 1.000100870477178 1.0002357050320567 1.000475709076993
324 3240 0.0004198664536819285 0 2.765780178239814e-07 1.000017857839359 1.0000076525308341 1.0000231897633283 1.0000380126561448 1.0000633584053864 1.0001042250069747 1.000221920820179 1.0004621517774013
325 3250 0.0004204488963497734 0 2.4969612830550456e-07 1.0000130033548948 1.0000050596123118 1.0000119406996504 1.0000171418342514 1.0000506617472846 1.0000794461952947 1.000185921430955 1.000381442037743
326 3260 0.00044517245046260854 0 1.3647687281427363e-07 0.9999958654327303 0.9999958429082825 1.0000050230345943 1.0000125276693095 1.000026437576194 1.0000205114302454 1.000044276477071 1.0000801343770547
327 3270 0.0004499562995111225 0 1.369766228040023e-07 0.999991474909632 0.9999914337800786 1.0000005817089475 1.000016351446478 1.0000219612085643 1.0000332378088557 1.0000871076730293 1.0001727253346586
328 3280 0.00044012420404593316 0 8.496962240306256e-08 1.0000090370770447 1.000003367403714 1.0000113736909384 1.0000267159547729 1.0000490461690938 1.0001015602117735 1.0001966974197534 1.0003932342611817
329 3290 0.0004534493391912914 0 1.1138963419294926e-07 1.0000090765987553 1.0000075993869002 1.000004715476745 1.0000019218744678 1.0000229760476202 1.0000419861196455 1.000064698296403 1.000125342824748
330 3300 0.00041689113645939984 0 1.3736676461790554e-07 1.0000121583468176 1.0000103541018832 1.000018207639683 1.000018671040417 1.000026895503235 1.0000697146209823 1.000149485486647 1.000309251666616
331 3310 0.00036452693490753165 0 5.983414164561276e-08 0.9999956241055808 0.9999938212748727 0.9999976340882792 0.9999993421468443 0.9999895077014683 0.9999924911133996 0.9999990631810948 1.0000011118611605
332 3320 0.00033289411611878904 0 7.763852862874372e-08 1.0000031696615046 1.0000027291728375 1.0000095379110563 1.0000249946300055 1.0000412444110611 1.000086898615458 1.0001574328882246 1.0003147613750965
333 3330 0.0002966144860850603 0 2.4858707785945653e-08 0.9999994245098137 1.0000008335085082 1.0000025167001891 0.9999995501292036 0.9999993963373374 0.9999992943207016 0.9999845150596597 0.9999654284868345
334 3340 0.0002678470638787195 0 4.705075507524984e-08 0.9999926553759996 1.0000001677659411 0.9999955379285158 0.9999977717051854 0.9999987011698758 1.0000056711095475 1.0000031740603708 1.0000003785250717
335 3350 0.0002496518721886858 0 5.8228982842521576e-08 0.9999980046039322 0.9999989119638891 1.0000102149161156 1.0000141873622594 1.0000153610700704 1.0000412378301042 1.000079181987611 1.0001560482050258
336 3360 0.0002137493266869439 0 2.0177190295072537e-08 0.9999992387104031 1.0000027495871404 1.0000060458168376 1.0000055326470272 1.000017337778696 1.0000272814343454 1.0000541676052506 1.0001059972389983
337 3370 0.0001947126069919547 0 1.8294750264550517e-08 0.9999993237598339 1.000001966161887 0.9999981661634265 1.0000021033107982 1.0000114259341268 1.0000227104754187 1.0000398790286191 1.0000795684666854
338 3380 0.00018280792357890083 0 1.3199081111062671e-08 0.9999993010099333 1.0000012426292608 1.000001075376909 1.000006375959557 1.0000148698915108 1.0000331443112556 1.0000712548425839 1.0001427220336794
339 3390 0.0001604267745777863 0 1.3574196872419662e-08 1.0000001581631222 1.000001292191603 1.000004956635772 1.000004610725816 1.000010537920437 1.0000141027254001 1.000032915696807 1.0000620784967627
340 3400 0.00014816872020418054 0 1.308586193301309e-08 0.9999972547989525 0.9999980561416004 0.9999968968855533 1.0000009459052088 1.0000071710611032 1.0000094285873606 1.000021674706873 1.0000438406845973
341 3410 0.00012913766311117289 0 1.2146342103764138e-08 0.9999996290842152 1.0000000866361796 0.9999991057117575 1.0000022994817643 1.0000051636175866 1.000014946125482 1.000037417794111 1.0000719947599335
342 3420 0.00011407373939517831 0 1.1156186068886818e-08 0.9999967711117038 0.9999995469060099 1.0000005033736172 1.0000044129236338 1.0000109404494169 1.0000172694927447 1.0000361868007095 1.0000683890339843
343 3430 0.00010178327306897013 0 6.916272810499462e-09 0.9999979074532613 0.9999991584003097 1.0000005295753784 1.0000044836953872 1.0000096437536725 1.0000228646852571 1.0000445184921904 1.0000896775860233
344 3440 9.168428568249219e-05 0 4.6673396772970376e-09 1.0000019397380444 1.000001047533194 1.0000022098776593 1.0000043484404733 1.00001096301501 1.0000187707335344 1.0000379078153707 1.0000738102065996
345 3450 8.663452351999584e-05 0 3.269802178669937e-09 0.9999982438352791 0.9999988478412685 0.9999999140096804 1.0000007598057103 1.0000034246029978 1.0000037093199945 1.0000055086104565 1.0000091214819717
346 3460 7.593090677416739e-05 0 3.803259466019605e-09 0.9999983650126057 0.9999991662403479 1.000001887987814 1.0000025790615525 1.000006921573397 1.0000134254484678 1.000027121571922 1.0000520319427388
347 3470 6.466276568909459e-05 0 3.292843905484958e-09 0.9999985819865661 0.999997671694331 1.000000226834799 1.0000009647235015 1.0000019199726187 1.0000049292515403 1.0000095244632634 1.00001660114247
348 3480 6.294595644016507e-05 0 1.3508939844686489e-09 1.0000004214194318 0.9999997343526634 1.0000003463969633 1.0000004494251555 1.0000011580435546 1.0000041575540533 1.00000850013107 1.0000143463305604
349 3490 6.502868864330558e-05 0 1.4680319041082355e-09 1.000000852211494 1.0000002557767202 1.000001952741981 1.0000020666420366 1.000003500199257 1.000008211609268 1.000016883670061 1.000034911060621
350 3500 6.052818867329219e-05 0 5.819379381155387e-10 1.0000000956590365 0.99999921230943 1.0000000288306232 1.0000002353893318 1.0000016139575003 1.0000032100732736 1.000006130091057 1.0000116662554284
351 3510 5.516238430900374e-05 0 1.4111977496437159e-09 1.0000007212003552 1.0000001567782955 1.0000018201229772 1.0000022684882632 1.0000044104374217 1.0000100151734133 1.0000210772651135 1.0000419563965643
352 3520 5.313497999521948e-05 0 1.587958691209456e-09 0.9999990729409631 0.9999990335648301 1.0000004968289298 1.0000012006576189 1.0000028764798732 1.000004600574721 1.0000109220068967 1.000023607125332
353 3530 4.95834709003405e-05 0 9.143118994176774e-10 1.0000003458608542 0.9999999040882915 1.0000010990599335 1.000001712260356 1.000001151172192 1.000002464099284 1.0000039223763986 1.0000074655262923
354 3540 4.682873731989163e-05 0 5.850565538824708e-10 0.9999998119811483 0.9999990545050681 0.9999993907917586 0.999999931410251 0.9999991466432607 0.9999979414982281 0.9999970776006332 0.9999935641303526
355 3550 4.21536656032163e-05 0 7.539948153605871e-10 1.0000009623192883 0.9999999341005016 0.9999999983950006 1.0000007686611205 1.0000017824135308 1.000004763346056 1.000009973351387 1.0000199672676149
356 3560 3.871645777181748e-05 0 3.3828309011562336e-10 0.9999998724931822 1.0000000949802375 1.0000004777414513 1.000000298386539 1.0000019460223195 1.0000035366139683 1.000007013696287 1.0000136571747344
357 3570 3.5639964394372935e-05 0 3.33610150848447e-10 0.9999997226310138 1.0000001334211936 1.0000004249277048 1.0000004103534839 1.0000008656588208 1.0000021497087732 1.000005154973173 1.0000091219214364
358 3580 3.417204262683932e-05 0 3.3168403508935915e-10 0.9999999402583954 1.0000003885784468 1.0000000499995487 0.999999946689796 1.0000002162400583 1.0000000790127357 1.0000016115834716 1.000003592414603
359 3590 3.0747550298274494e-05 0 3.339926577320469e-10 1.000000263857858 1.000000198938962 0.9999999497178056 1.000000692023707 1.0000007996766893 1.0000018607500825 1.0000050038488104 1.0000097813331805
360 3600 3.082474866555191e-05 0 1.9404784991797933e-10 0.999999903856905 0.9999997287949071 0.9999998986860916 0.9999997302696306 0.9999987340938933 0.9999984938325546 0.9999971601640815 0.9999943892149734
361 3610 3.194745082923566e-05 0 3.794819400970191e-10 0.9999995864694247 1.0000002427808559 1.0000002351866455 1.0000007943855356 1.0000003346057844 1.0000014731956786 1.0000031854985447 1.0000066405120254
362 3620 3.0446410667377192e-05 0 1.2133166352719596e-10 1.0000001794387807 0.9999999321331873 0.9999997291061109 1.000000026826294 0.9999996536070036 0.9999995353501511 0.9999986868607335 0.9999968183054415
363 3630 2.9588667311079714e-05 0 3.539713198207558e-10 0.99999921439578 0.9999994631350826 0.9999989199978179 0.9999990092698735 0.9999986909198039 0.9999977417533802 0.9999950659631676 0.9999900647383387
364 3640 2.6872100279749934e-05 0 8.317763371834602e-11 1.0000000362495878 1.0000001923850477 1.0000003736147873 1.0000002827429986 1.0000008292446494 1.0000021552482676 1.0000042512064695 1.0000082901939547
365 3650 2.5579156705238104e-05 0 1.0800361251521431e-10 0.9999999315974057 0.9999998977307496 0.9999998432631438 1.0000001060131045 1.0000007815843373 1.0000018230176293 1.0000031717324263 1.0000067219644353
366 3660 2.293001013845871e-05 0 1.7607036707807944e-10 1.0000005868115533 1.0000002291113417 1.0000003556119563 1.0000008575792478 1.000001646011964 1.0000034468954795 1.0000064839696061 1.0000132149878718
367 3670 2.1830032766203846e-05 0 1.3059271590353614e-10 0.9999999390642179 0.9999998684629805 1.0000000168827576 0.9999999848128841 0.9999996098449078 0.9999999804120827 0.9999992596065442 0.9999986533473127
368 3680 1.8907014864833065e-05 0 1.6709581560925546e-11 1.0000001218267711 1.0000000092991526 1.0000000585172915 0.9999999969389198 0.9999999482750308 1.0000001797062272 1.000000270463045 1.000000472198565
369 3690 1.7738879798639278e-05 0 1.2949849261752964e-10 1.0000000916878737 0.9999998910664881 1.0000001761068578 1.0000000920115022 0.9999996767939907 0.9999999451450327 0.999999595389884 0.9999986530781141
370 3700 1.71324601113042e-05 0 8.72686918149661e-11 1.0000001156001215 1.0000001534121634 0.9999999957260894 0.9999999230823083 0.9999997063977184 0.9999999780179971 1.0000000004500165 0.9999993505921554
371 3710 1.5956817829515583e-05 0 3.8070786362850407e-11 0.9999999393475573 0.9999998271606431 0.9999998452840174 0.9999998834291867 0.9999996138913353 0.9999996764242663 0.999999166159158 0.9999981461541148
372 3720 1.5003878338706978e-05 0 2.7492005672066975e-11 0.9999999220925759 1.0000000116963634 0.9999999246675311 1.000000075691946 0.9999997776899507 0.9999996476114899 0.9999994323616608 0.999998747331514
373 3730 1.3327102296710182e-05 0 3.887090474251201e-11 1.0000000009517382 0.9999999791176221 1.000000069792331 1.000000297877224 1.0000001022105245 1.00000033818362 1.000000850996519 1.0000019239946294
374 3740 1.1616256274208403e-05 0 3.801906903845131e-11 1.000000056609004 1.0000000556806903 1.0000000928318613 1.0000002619279849 1.0000000053111313 1.0000003180920185 1.0000006020880465 1.0000012298485361
375 3750 1.0090187585828317e-05 0 3.393058289976441e-11 1.0000000882983646 0.9999999360410731 0.9999999770265171 1.0000000358374095 0.9999998604748084 1.0000001523457114 1.0000004768518798 1.0000009771971186
376 3760 9.267034147204146e-06 0 1.5747558878393286e-11 0.9999999504440951 1.0000000044122688 0.9999999397163215 0.9999998254344802 0.9999995979719543 0.9999993172750029 0.9999988316518237 0.999997413495539
377 3770 9.216503624010155e-06 0 1.0283990430079003e-11 1.0000001039639865 1.0000000586704796 0.9999999628529016 0.9999999794209754 1.0000001674029484 1.0000003075906636 1.0000006295167576 1.0000011956576798
378 3780 8.246611365048956e-06 0 6.679201448406602e-12 0.999999989375776 1.0000000459129323 1.000000081656507 1.0000002294456436 1.000000294425609 1.0000006472518301 1.0000013038257394 1.0000025399275296
379 3790 8.46546271655951e-06 0 9.949727394781288e-12 0.9999999855825559 0.999999914754682 1.0000000309824078 1.000000007850382 1.0000000889008178 1.0000001546976522 1.0000001613630112 1.0000004786942582
380 3800 8.034909571323058e-06 0 1.260333331897521e-11 0.999999954858161 0.9999998941405582 0.9999999375482402 0.9999999354811455 0.9999997383124599 0.9999994148515825 0.9999989791966373 0.99999816176926
381 3810 7.3316566800699616e-06 0 9.816899848481553e-12 0.9999999636788741 0.9999999452256925 0.9999999245824962 0.9999998510758749 0.9999995314211778 0.9999992183056016 0.9999985295761727 0.9999969922841135
382 3820 6.545623591053897e-06 0 6.169025537247459e-12 0.9999999758461218 0.9999999349286839 1.000000015229925 0.9999998856472969 0.9999998477478084 0.9999997817063186 0.9999995197221477 0.9999990698236121
383 3830 6.565400792551592e-06 0 4.984545868042867e-12 1.0000000177072563 1.000000008486907 0.9999999310192454 0.9999999179046077 0.9999997719834983 0.9999996696456384 0.9999993910391758 0.9999988851615231
384 3840 6.181775835693862e-06 0 1.9299140834427196e-12 1.000000032101676 1.000000034251723 1.000000018120778 1.000000068658778 1.0000001665032954 1.00000036591431 1.0000007353636622 1.0000015466838252
385 3850 5.4986411121077945e-06 0 5.177053048029934e-12 0.9999999766081311 1.0000000172235048 1.0000000013384578 0.9999999169989408 0.9999997038090387 0.9999994451265954 0.9999988458427774 0.9999976522647099
386 3860 5.037512617222642e-06 0 2.2156931435808163e-12 0.9999999901926528 1.0000000071360156 1.0000000407307539 1.0000000290443587 0.999999978533918 0.9999998859013645 0.9999997095857693 0.999999377645358
387 3870 4.537687430552204e-06 0 1.1936279047391027e-12 0.9999999934902633 0.9999999832495444 0.99999997022874 0.9999999412683491 0.9999999203216795 0.9999997884094904 0.999999518971369 0.9999990771053656
388 3880 4.043746749489493e-06 0 1.2812101231621907e-12 0.9999999814250033 1.0000000033707992 1.0000000198220027 1.0000000645364826 1.0000001480336662 1.0000002276172437 1.000000482687218 1.000001003644907
389 3890 3.7666871875598685e-06 0 8.931923364662468e-13 1.0000000425280309 1.0000000316284363 1.0000000230185435 1.0000000234411957 1.0000000799833508 1.000000131888311 1.0000002518557578 1.0000005354987145
390 3900 3.5222055147976495e-06 0 1.1948766834388978e-12 1.0000000152774808 0.999999993427611 0.9999999760815242 0.9999999932362474 1.000000027168049 1.0000000097808932 1.0000000096127761 0.9999999484529369
391 3910 3.0597791323177873e-06 0 1.01993264820151e-12 1.0000000020838795 0.9999999961110455 0.9999999742382744 0.9999999885168744 0.9999999500899857 0.9999998303186445 0.9999996558297319 0.999999344409797
392 3920 2.538324569710179e-06 0 1.0370837425724193e-12 1.000000015001312 0.9999999985907674 0.999999971551292 0.9999999693462663 1.0000000199967167 1.0000000349153004 1.0000000402416154 1.0000001022704614
393 3930 2.2124886612846592e-06 0 1.0494081969578646e-12 0.9999999949826088 0.9999999822910982 0.9999999357972955 0.9999999037828454 0.9999998613712331 0.9999997195143755 0.9999994653498026 0.9999989622861468
394 3940 1.9754292174357393e-06 0 6.694049132010545e-13 1.0000000091112622 0.9999999969381158 0.9999999844120507 1.0000000017731898 0.9999999520756591 0.9999999264486437 0.9999998837168615 0.999999739976677
395 3950 1.668803359768054e-06 0 4.5221142838369666e-13 0.9999999930772278 0.9999999752968382 0.9999999748568702 0.9999999486350006 0.9999999065171755 0.9999997880769212 0.9999995547314992 0.9999991000490707
396 3960 1.5232007733574168e-06 0 1.4866965040300428e-13 0.9999999977117849 0.9999999934045544 0.9999999931150548 1.0000000023020048 1.0000000105715203 0.9999999882937927 0.9999999836634789 0.9999999636356665
397 3970 1.397262203038789e-06 0 1.5858627940938615e-13 0.9999999908986907 0.9999999835216536 0.9999999920024313 0.9999999939760094 0.9999999799732916 0.9999999393532076 0.9999998707714123 0.999999751414974
398 3980 1.3276946758932662e-06 0 2.1910236987672617e-13 0.9999999841165419 0.9999999856606338 0.9999999924675508 0.9999999913597004 0.9999999724903232 0.9999999687455604 0.9999999632811163 0.9999999318179528
399 3990 1.1548313051554878e-06 0 8.056389171226895e-14 0.9999999963667106 0.9999999940346527 0.9999999903768492 0.9999999831874175 0.9999999585669072 0.999999905898396 0.9999998066168652 0.9999996035003824
400 4000 1.0211768298840464e-06 0 8.98405939890303e-14 0.9999999903359037 0.9999999909317746 0.9999999822232911 0.9999999806708213 0.999999962976222 0.9999999219247465 0.9999998562549304 0.9999997206983297
401 4010 9.495635570345527e-07 0 2.109835365011913e-14 0.9999999951850048 0.9999999944590144 0.9999999941317412 0.9999999921918068 0.999999992631433 0.9999999925334134 0.9999999808166089 0.999999959098673
402 4020 8.647440169047584e-07 0 4.93750300558188e-14 0.9999999939568355 0.9999999915874145 0.9999999945032895 0.9999999897778636 0.9999999897889281 0.9999999808494198 0.9999999532042417 0.999999918400276
403 4030 8.041347342435977e-07 0 3.048537990203435e-14 0.9999999934839783 0.9999999918927461 0.9999999977235154 0.9999999933779857 0.9999999937524037 0.999999986740834 0.9999999781127072 0.9999999546255838
404 4040 7.606254385471507e-07 0 4.52296010052325e-14 0.9999999981902198 0.9999999990518535 1.0000000059322847 1.0000000107473153 1.0000000054408547 1.0000000050097353 1.0000000168604246 1.0000000399404767
405 4050 7.177342883119577e-07 0 3.760033352691486e-14 0.9999999999837969 1.0000000001292704 1.000000001711648 1.0000000093314017 1.0000000099197917 1.000000029027557 1.0000000675219254 1.0000001407515706
406 4060 6.411097144396688e-07 0 2.280297140187501e-14 0.999999996768426 0.9999999979952884 0.9999999993693703 1.000000008664085 1.0000000194505807 1.0000000400652773 1.0000000768239867 1.0000001523533233
407 4070 6.099120287498761e-07 0 1.298098655344156e-14 1.0000000037883066 1.0000000029093592 0.9999999984174501 1.000000001980074 1.000000000590503 1.0000000036810397 1.0000000044827064 1.0000000094626174
408 4080 5.560364049520783e-07 0 1.7224084175307472e-14 1.0000000029608895 1.0000000049726676 1.000000007054186 1.0000000110193559 1.0000000239475004 1.0000000430419103 1.0000000902914976 1.000000179743056
409 4090 4.618278838029505e-07 0 5.895714737836865e-15 0.999999999990617 1.0000000001966118 1.0000000017221524 1.0000000069554411 1.0000000096659387 1.0000000175745776 1.0000000350771994 1.0000000675346832
410 4100 4.2942148673709636e-07 0 7.513344489853403e-15 0.9999999999443945 1.0000000026375924 0.9999999987614092 1.0000000010781962 0.9999999994580338 1.000000000845448 1.0000000025024203 1.000000004182618
411 4110 3.9147224160211896e-07 0 7.224558791131994e-15 0.9999999997831502 0.999999998321314 0.9999999964638081 0.999999999329224 0.9999999968711297 0.999999993577405 0.9999999920389078 0.9999999829356417
412 4120 3.35463983485946e-07 0 7.86463158130999e-15 1.0000000009857521 1.0000000003934792 1.000000002472254 1.0000000061670833 1.0000000062804248 1.0000000153532804 1.0000000334748322 1.0000000646469651
413 4130 2.9048238898320453e-07 0 5.413828660504124e-15 1.0000000012151915 0.9999999993141055 1.000000001642551 1.0000000040266674 1.0000000096845043 1.0000000184120663 1.0000000345276565 1.0000000659759376
414 4140 2.630945917668865e-07 0 2.6492755428987463e-15 1.0000000006735628 1.000000000251512 1.0000000025550442 1.0000000041411363 1.0000000085101746 1.00000001693146 1.0000000347375078 1.0000000713238342
414 4140 2.630945917668865e-07 0 2.6492755428987463e-15 1.0000000006735628 1.000000000251512 1.0000000025550442 1.0000000041411363 1.0000000085101746 1.00000001693146 1.0000000347375078 1.0000000713238342
